description="final.xyz"  
#******** REAL SPACE GRID ********   
wavefunction_grid="56 56 288"  
potential_grid_refinement="2"  
  
#******* CONTROL OPTIONS *******  
start_mode          ="LCAO Start"  
calculation_mode    ="Relax Structure  "  
kohn_sham_solver    ="multigrid"  
subdiag_driver      ="auto"  
#auto: if cuda available, use cusolver, otherwise use lapack for n<128 and scaplack for large system  
cube_rho = "False"  
  
#********* K POINT SETUP *********  
kpoint_mesh = "1 1 1"  
kpoint_is_shift = "0 0 0"  
  
#******* Pseudopotentials *******   
internal_pseudo_type = "sg15"  
#use Optimized Norm-Conserving Vanderbilt (ONCV) pseudopotenitals  
#those pseudopotentials are built in with RMG  
write_pseudopotential_plots ="False"  
  
#*****Exchange Correlation ******  
exchange_correlation_type="AUTO_XC"  
#AUTO_XC: XC will be determined from pseudopotential  
  
#****  LATTICE and ATOMS  ****   
bravais_lattice_type="None"  
crds_units = "Angstrom"  
lattice_units = "Angstrom"  
lattice_vector="  
 8.261093000000e+00  0.000000000000e+00  0.000000000000e+00   
 0.000000000000e+00  8.665935000000e+00  0.000000000000e+00   
 0.000000000000e+00  0.000000000000e+00  4.475497700000e+01   
"  
atomic_coordinate_type = "Absolute"  
atoms="  
H  3.736313000000e+00 1.138096000000e+00 2.616042000000e+00  1 1 1   0.00   0.00   0.00  
C  4.072949000000e+00 4.144440000000e-01 3.369783000000e+00  1 1 1   0.00   0.00   0.00  
C  4.236701000000e+00 -9.893780000000e-01 3.024734000000e+00  1 1 1   0.00   0.00   0.00  
H  6.399287000000e+00 -8.023000000000e-02 8.916940000000e+00  1 1 1   0.00   0.00   0.00  
H  4.214902000000e+00 1.907910000000e+00 4.898591000000e+00  1 1 1   0.00   0.00   0.00  
H  6.827363000000e+00 1.865688000000e+00 7.640472000000e+00  1 1 1   0.00   0.00   0.00  
C  4.340900000000e+00 8.459080000000e-01 4.673950000000e+00  1 1 1   0.00   0.00   0.00  
C  4.761171000000e+00 -1.895861000000e+00 4.038138000000e+00  1 1 1   0.00   0.00   0.00  
H  4.952194000000e+00 -2.944096000000e+00 3.785302000000e+00  1 1 1   0.00   0.00   0.00  
C  4.797143000000e+00 -4.847200000000e-02 5.738967000000e+00  1 1 1   0.00   0.00   0.00  
C  6.018093000000e+00 -5.362060000000e-01 7.973900000000e+00  1 1 1   0.00   0.00   0.00  
C  5.017827000000e+00 -1.433794000000e+00 5.334595000000e+00  1 1 1   0.00   0.00   0.00  
H  5.428597000000e+00 -1.429116000000e+00 8.276771000000e+00  1 1 1   0.00   0.00   0.00  
C  5.977742000000e+00 1.787981000000e+00 6.923639000000e+00  1 1 1   0.00   0.00   0.00  
H  6.894634000000e+00 -8.744720000000e-01 7.382956000000e+00  1 1 1   0.00   0.00   0.00  
H  5.401836000000e+00 -2.144441000000e+00 6.065653000000e+00  1 1 1   0.00   0.00   0.00  
C  5.114720000000e+00 5.011390000000e-01 7.142623000000e+00  1 1 1   0.00   0.00   0.00  
H  6.414968000000e+00 1.772339000000e+00 5.907944000000e+00  1 1 1   0.00   0.00   0.00  
H  5.362457000000e+00 2.710386000000e+00 6.980046000000e+00  1 1 1   0.00   0.00   0.00  
C  3.906621000000e+00 7.717940000000e-01 7.978816000000e+00  1 1 1   0.00   0.00   0.00  
H  2.833059000000e+00 -9.367080000000e-01 7.094628000000e+00  1 1 1   0.00   0.00   0.00  
H  4.611638000000e+00 2.489442000000e+00 9.182552000000e+00  1 1 1   0.00   0.00   0.00  
C  2.776826000000e+00 -1.336430000000e-01 7.829824000000e+00  1 1 1   0.00   0.00   0.00  
C  3.787994000000e+00 1.792838000000e+00 9.006900000000e+00  1 1 1   0.00   0.00   0.00  
C  1.625569000000e+00 -2.366100000000e-02 8.634372000000e+00  1 1 1   0.00   0.00   0.00  
C  2.631693000000e+00 1.918050000000e+00 9.797646000000e+00  1 1 1   0.00   0.00   0.00  
H  8.167750000000e-01 -7.393350000000e-01 8.498261000000e+00  1 1 1   0.00   0.00   0.00  
H  2.574075000000e+00 2.722991000000e+00 1.053066400000e+01  1 1 1   0.00   0.00   0.00  
C  1.507227000000e+00 1.006812000000e+00 9.653269000000e+00  1 1 1   0.00   0.00   0.00  
O  3.469160000000e-01 1.141818000000e+00 1.030990000000e+01  1 1 1   0.00   0.00   0.00  
H  2.353857000000e+00 1.253488000000e+00 1.216775700000e+01  1 1 1   0.00   0.00   0.00  
C  3.070060000000e-01 1.772154000000e+00 1.150144000000e+01  1 1 1   0.00   0.00   0.00  
C  1.439354000000e+00 1.811769000000e+00 1.241331200000e+01  1 1 1   0.00   0.00   0.00  
H  -1.809871000000e+00 2.322045000000e+00 1.126203300000e+01  1 1 1   0.00   0.00   0.00  
C  -9.233510000000e-01 2.395056000000e+00 1.190255200000e+01  1 1 1   0.00   0.00   0.00  
C  1.426517000000e+00 2.555425000000e+00 1.361099400000e+01  1 1 1   0.00   0.00   0.00  
H  2.317397000000e+00 2.581416000000e+00 1.424895400000e+01  1 1 1   0.00   0.00   0.00  
C  -1.004494000000e+00 3.095099000000e+00 1.314621200000e+01  1 1 1   0.00   0.00   0.00  
C  2.368310000000e-01 3.281246000000e+00 1.399118200000e+01  1 1 1   0.00   0.00   0.00  
C  -2.184441000000e+00 3.748369000000e+00 1.387945600000e+01  1 1 1   0.00   0.00   0.00  
O  -3.324669000000e+00 3.565691000000e+00 1.359430400000e+01  1 1 1   0.00   0.00   0.00  
C  -6.595300000000e-02 4.223573000000e+00 1.515277700000e+01  1 1 1   0.00   0.00   0.00  
N  -1.604785000000e+00 4.540678000000e+00 1.510252600000e+01  1 1 1   0.00   0.00   0.00  
O  7.582380000000e-01 4.680847000000e+00 1.588031500000e+01  1 1 1   0.00   0.00   0.00  
H  -4.363920000000e+00 4.911451000000e+00 1.523812500000e+01  1 1 1   0.00   0.00   0.00  
C  -2.402371000000e+00 5.228141000000e+00 1.615949700000e+01  1 1 1   0.00   0.00   0.00  
C  -3.832605000000e+00 5.295609000000e+00 1.611201600000e+01  1 1 1   0.00   0.00   0.00  
H  -7.233630000000e-01 5.804682000000e+00 1.739245900000e+01  1 1 1   0.00   0.00   0.00  
C  -1.816475000000e+00 5.815223000000e+00 1.733115200000e+01  1 1 1   0.00   0.00   0.00  
C  -4.601894000000e+00 5.842350000000e+00 1.717858300000e+01  1 1 1   0.00   0.00   0.00  
H  -5.694650000000e+00 5.864566000000e+00 1.711487000000e+01  1 1 1   0.00   0.00   0.00  
C  -2.522666000000e+00 6.401188000000e+00 1.843307700000e+01  1 1 1   0.00   0.00   0.00  
C  -3.951690000000e+00 6.361037000000e+00 1.833324300000e+01  1 1 1   0.00   0.00   0.00  
O  -3.749508000000e+00 7.963930000000e+00 2.092519500000e+01  1 1 1   0.00   0.00   0.00  
N  -1.845412000000e+00 7.073243000000e+00 1.958088900000e+01  1 1 1   0.00   0.00   0.00  
H  -4.564527000000e+00 6.761603000000e+00 1.914278700000e+01  1 1 1   0.00   0.00   0.00  
C  -2.582865000000e+00 7.892656000000e+00 2.070011000000e+01  1 1 1   0.00   0.00   0.00  
O  5.777060000000e-01 7.078212000000e+00 1.899068800000e+01  1 1 1   0.00   0.00   0.00  
C  -3.136520000000e-01 7.412146000000e+00 1.970780600000e+01  1 1 1   0.00   0.00   0.00  
C  -1.502528000000e+00 8.595749000000e+00 2.152578800000e+01  1 1 1   0.00   0.00   0.00  
C  -1.390350000000e-01 8.287150000000e+00 2.094779200000e+01  1 1 1   0.00   0.00   0.00  
H  -2.571578000000e+00 9.605849000000e+00 2.316954700000e+01  1 1 1   0.00   0.00   0.00  
C  -1.597359000000e+00 9.383941000000e+00 2.272786700000e+01  1 1 1   0.00   0.00   0.00  
C  1.039903000000e+00 8.792601000000e+00 2.160244300000e+01  1 1 1   0.00   0.00   0.00  
H  2.025721000000e+00 8.579595000000e+00 2.118767100000e+01  1 1 1   0.00   0.00   0.00  
C  -3.945280000000e-01 9.827583000000e+00 2.334439000000e+01  1 1 1   0.00   0.00   0.00  
C  9.063410000000e-01 9.573785000000e+00 2.278543100000e+01  1 1 1   0.00   0.00   0.00  
H  -4.693120000000e-01 1.038992700000e+01 2.427708600000e+01  1 1 1   0.00   0.00   0.00  
H  2.308340000000e+00 7.671174000000e+00 2.389277400000e+01  1 1 1   0.00   0.00   0.00  
O  1.964177000000e+00 1.032960100000e+01 2.328822800000e+01  1 1 1   0.00   0.00   0.00  
C  2.917941000000e+00 8.390980000000e+00 2.444943000000e+01  1 1 1   0.00   0.00   0.00  
C  2.813094000000e+00 9.812241000000e+00 2.414799100000e+01  1 1 1   0.00   0.00   0.00  
H  3.790725000000e+00 6.863326000000e+00 2.566747600000e+01  1 1 1   0.00   0.00   0.00  
H  5.143521000000e+00 6.063634000000e+00 2.699248500000e+01  1 1 1   0.00   0.00   0.00  
H  7.516679000000e+00 8.726984000000e+00 2.827540000000e+01  1 1 1   0.00   0.00   0.00  
C  3.779689000000e+00 7.934674000000e+00 2.545602800000e+01  1 1 1   0.00   0.00   0.00  
C  3.676354000000e+00 1.072008300000e+01 2.489578900000e+01  1 1 1   0.00   0.00   0.00  
H  3.621988000000e+00 1.179461000000e+01 2.468592500000e+01  1 1 1   0.00   0.00   0.00  
C  5.977696000000e+00 6.789944000000e+00 2.687678200000e+01  1 1 1   0.00   0.00   0.00  
C  4.645669000000e+00 8.834605000000e+00 2.621347300000e+01  1 1 1   0.00   0.00   0.00  
C  6.866700000000e+00 9.152174000000e+00 2.747977400000e+01  1 1 1   0.00   0.00   0.00  
H  6.325963000000e+00 6.744789000000e+00 2.582336300000e+01  1 1 1   0.00   0.00   0.00  
C  4.561926000000e+00 1.024815200000e+01 2.587691900000e+01  1 1 1   0.00   0.00   0.00  
H  7.456729000000e+00 9.215392000000e+00 2.654664500000e+01  1 1 1   0.00   0.00   0.00  
H  6.798851000000e+00 6.410818000000e+00 2.751888100000e+01  1 1 1   0.00   0.00   0.00  
H  6.636012000000e+00 1.018525800000e+01 2.780347100000e+01  1 1 1   0.00   0.00   0.00  
C  5.528000000000e+00 8.280593000000e+00 2.728641000000e+01  1 1 1   0.00   0.00   0.00  
H  5.188075000000e+00 1.097192300000e+01 2.640349700000e+01  1 1 1   0.00   0.00   0.00  
C  4.871409000000e+00 8.213330000000e+00 2.862772100000e+01  1 1 1   0.00   0.00   0.00  
H  6.488761000000e+00 7.032498000000e+00 2.955438500000e+01  1 1 1   0.00   0.00   0.00  
H  3.083881000000e+00 9.388118000000e+00 2.810511800000e+01  1 1 1   0.00   0.00   0.00  
C  5.524057000000e+00 7.513170000000e+00 2.972591600000e+01  1 1 1   0.00   0.00   0.00  
C  3.596959000000e+00 8.849863000000e+00 2.890899000000e+01  1 1 1   0.00   0.00   0.00  
C  4.938652000000e+00 7.418722000000e+00 3.100062200000e+01  1 1 1   0.00   0.00   0.00  
C  3.029937000000e+00 8.786477000000e+00 3.019437500000e+01  1 1 1   0.00   0.00   0.00  
H  5.466488000000e+00 6.856697000000e+00 3.176548500000e+01  1 1 1   0.00   0.00   0.00  
H  2.077088000000e+00 9.290212000000e+00 3.037170800000e+01  1 1 1   0.00   0.00   0.00  
C  3.648865000000e+00 8.029839000000e+00 3.127813400000e+01  1 1 1   0.00   0.00   0.00  
O  2.867457000000e+00 7.785054000000e+00 3.233045900000e+01  1 1 1   0.00   0.00   0.00  
H  5.262253000000e+00 7.212715000000e+00 3.367986900000e+01  1 1 1   0.00   0.00   0.00  
C  3.077707000000e+00 7.040093000000e+00 3.344549400000e+01  1 1 1   0.00   0.00   0.00  
C  4.347420000000e+00 6.799715000000e+00 3.410185800000e+01  1 1 1   0.00   0.00   0.00  
H  9.247670000000e-01 6.693950000000e+00 3.360137500000e+01  1 1 1   0.00   0.00   0.00  
C  1.895496000000e+00 6.500651000000e+00 3.405828600000e+01  1 1 1   0.00   0.00   0.00  
C  4.454840000000e+00 6.062502000000e+00 3.530376500000e+01  1 1 1   0.00   0.00   0.00  
H  5.432800000000e+00 5.915600000000e+00 3.576628400000e+01  1 1 1   0.00   0.00   0.00  
C  1.963650000000e+00 5.698963000000e+00 3.524244300000e+01  1 1 1   0.00   0.00   0.00  
C  3.287800000000e+00 5.497133000000e+00 3.593292700000e+01  1 1 1   0.00   0.00   0.00  
C  8.867460000000e-01 4.937500000000e+00 3.603723500000e+01  1 1 1   0.00   0.00   0.00  
O  -2.238200000000e-01 4.790114000000e+00 3.565294400000e+01  1 1 1   0.00   0.00   0.00  
C  3.068610000000e+00 4.695066000000e+00 3.722230100000e+01  1 1 1   0.00   0.00   0.00  
N  1.553104000000e+00 4.350494000000e+00 3.733428500000e+01  1 1 1   0.00   0.00   0.00  
O  3.934684000000e+00 4.410416000000e+00 3.798506100000e+01  1 1 1   0.00   0.00   0.00  
C  8.824340000000e-01 3.529787000000e+00 3.839151400000e+01  1 1 1   0.00   0.00   0.00  
H  2.585427000000e+00 3.245599000000e+00 3.968036700000e+01  1 1 1   0.00   0.00   0.00  
H  -1.099890000000e+00 3.552715000000e+00 3.745790900000e+01  1 1 1   0.00   0.00   0.00  
C  1.524893000000e+00 3.002481000000e+00 3.955873500000e+01  1 1 1   0.00   0.00   0.00  
C  -5.083630000000e-01 3.202456000000e+00 3.830666000000e+01  1 1 1   0.00   0.00   0.00  
C  9.434990000000e-01 2.173804000000e+00 4.058083200000e+01  1 1 1   0.00   0.00   0.00  
C  -1.172881000000e+00 2.419976000000e+00 3.929636800000e+01  1 1 1   0.00   0.00   0.00  
H  -2.242555000000e+00 2.204906000000e+00 3.919894100000e+01  1 1 1   0.00   0.00   0.00  
O  3.341400000000e-02 2.562810000000e-01 4.303727400000e+01  1 1 1   0.00   0.00   0.00  
C  -4.535120000000e-01 1.907206000000e+00 4.041158400000e+01  1 1 1   0.00   0.00   0.00  
N  1.697903000000e+00 1.593145000000e+00 4.172752900000e+01  1 1 1   0.00   0.00   0.00  
C  1.152862000000e+00 5.839900000000e-01 4.282582200000e+01  1 1 1   0.00   0.00   0.00  
O  3.965905000000e+00 2.558614000000e+00 4.150806900000e+01  1 1 1   0.00   0.00   0.00  
C  3.194046000000e+00 1.844064000000e+00 4.206533600000e+01  1 1 1   0.00   0.00   0.00  
H  -9.908380000000e-01 1.301903000000e+00 4.114834300000e+01  1 1 1   0.00   0.00   0.00  
C  2.337990000000e+00 1.914540000000e-01 4.371410900000e+01  1 1 1   0.00   0.00   0.00  
C  3.548850000000e+00 9.902510000000e-01 4.328717100000e+01  1 1 1   0.00   0.00   0.00  
H  1.617724000000e+00 -1.355961000000e+00 4.509907800000e+01  1 1 1   0.00   0.00   0.00  
C  2.464135000000e+00 -7.340960000000e-01 4.480192100000e+01  1 1 1   0.00   0.00   0.00  
C  4.786130000000e+00 8.436340000000e-01 4.400759000000e+01  1 1 1   0.00   0.00   0.00  
H  5.671621000000e+00 1.411493000000e+00 4.370229200000e+01  1 1 1   0.00   0.00   0.00  
C  3.686492000000e+00 -7.907500000000e-01 4.554401700000e+01  1 1 1   0.00   0.00   0.00  
C  4.840766000000e+00 -2.523500000000e-02 4.511789500000e+01  1 1 1   0.00   0.00   0.00  
O  3.725966000000e+00 -1.544929000000e+00 4.668127600000e+01  1 1 1   0.00   0.00   0.00  
H  5.782950000000e+00 -1.218820000000e-01 4.566175100000e+01  1 1 1   0.00   0.00   0.00  
H  6.865630000000e+00 5.768592000000e+00 1.912991000000e+00  1 1 1   0.00   0.00   0.00  
C  7.111997000000e+00 4.889333000000e+00 2.528061000000e+00  1 1 1   0.00   0.00   0.00  
C  6.490470000000e+00 3.602153000000e+00 2.244410000000e+00  1 1 1   0.00   0.00   0.00  
H  1.038998700000e+01 2.232474000000e+00 4.916946000000e+00  1 1 1   0.00   0.00   0.00  
H  8.439843000000e+00 6.008974000000e+00 3.775188000000e+00  1 1 1   0.00   0.00   0.00  
H  1.124679100000e+01 4.992866000000e+00 6.233276000000e+00  1 1 1   0.00   0.00   0.00  
C  8.016610000000e+00 5.016918000000e+00 3.596867000000e+00  1 1 1   0.00   0.00   0.00  
C  6.826890000000e+00 2.470439000000e+00 3.096390000000e+00  1 1 1   0.00   0.00   0.00  
H  6.368172000000e+00 1.489077000000e+00 2.916417000000e+00  1 1 1   0.00   0.00   0.00  
C  8.377731000000e+00 3.905761000000e+00 4.455416000000e+00  1 1 1   0.00   0.00   0.00  
C  1.001077600000e+01 2.606456000000e+00 5.885238000000e+00  1 1 1   0.00   0.00   0.00  
C  7.752057000000e+00 2.636659000000e+00 4.143587000000e+00  1 1 1   0.00   0.00   0.00  
H  1.086981100000e+01 2.690484000000e+00 6.587465000000e+00  1 1 1   0.00   0.00   0.00  
C  1.046108500000e+01 5.057335000000e+00 5.441836000000e+00  1 1 1   0.00   0.00   0.00  
H  9.329891000000e+00 1.841136000000e+00 6.312531000000e+00  1 1 1   0.00   0.00   0.00  
H  7.968853000000e+00 1.753422000000e+00 4.743977000000e+00  1 1 1   0.00   0.00   0.00  
C  9.273951000000e+00 4.000770000000e+00 5.671317000000e+00  1 1 1   0.00   0.00   0.00  
H  1.096368600000e+01 4.877272000000e+00 4.468740000000e+00  1 1 1   0.00   0.00   0.00  
H  1.008998600000e+01 6.103176000000e+00 5.443019000000e+00  1 1 1   0.00   0.00   0.00  
C  8.520538000000e+00 4.323393000000e+00 6.928324000000e+00  1 1 1   0.00   0.00   0.00  
H  6.607057000000e+00 4.494263000000e+00 5.845305000000e+00  1 1 1   0.00   0.00   0.00  
H  1.017832400000e+01 4.230103000000e+00 8.380573000000e+00  1 1 1   0.00   0.00   0.00  
C  7.087952000000e+00 4.535065000000e+00 6.822346000000e+00  1 1 1   0.00   0.00   0.00  
C  9.101602000000e+00 4.380323000000e+00 8.261885000000e+00  1 1 1   0.00   0.00   0.00  
C  6.287255000000e+00 4.749447000000e+00 7.967000000000e+00  1 1 1   0.00   0.00   0.00  
C  8.307570000000e+00 4.586426000000e+00 9.410044000000e+00  1 1 1   0.00   0.00   0.00  
H  5.206619000000e+00 4.880094000000e+00 7.860599000000e+00  1 1 1   0.00   0.00   0.00  
H  8.784104000000e+00 4.569412000000e+00 1.039776500000e+01  1 1 1   0.00   0.00   0.00  
C  6.882859000000e+00 4.794670000000e+00 9.286178000000e+00  1 1 1   0.00   0.00   0.00  
O  5.981627000000e+00 5.001500000000e+00 1.028038900000e+01  1 1 1   0.00   0.00   0.00  
H  8.301227000000e+00 6.384424000000e+00 1.083061500000e+01  1 1 1   0.00   0.00   0.00  
C  6.194239000000e+00 5.892935000000e+00 1.125264300000e+01  1 1 1   0.00   0.00   0.00  
C  7.465561000000e+00 6.555270000000e+00 1.150210200000e+01  1 1 1   0.00   0.00   0.00  
H  4.085260000000e+00 5.765567000000e+00 1.190386700000e+01  1 1 1   0.00   0.00   0.00  
C  5.064841000000e+00 6.215304000000e+00 1.209031900000e+01  1 1 1   0.00   0.00   0.00  
C  7.678811000000e+00 7.424358000000e+00 1.258664900000e+01  1 1 1   0.00   0.00   0.00  
H  8.660394000000e+00 7.875386000000e+00 1.274166700000e+01  1 1 1   0.00   0.00   0.00  
C  5.229896000000e+00 7.148367000000e+00 1.315651400000e+01  1 1 1   0.00   0.00   0.00  
C  6.585663000000e+00 7.748097000000e+00 1.347020800000e+01  1 1 1   0.00   0.00   0.00  
C  4.192512000000e+00 7.742549000000e+00 1.412005400000e+01  1 1 1   0.00   0.00   0.00  
O  3.033162000000e+00 7.464108000000e+00 1.410964100000e+01  1 1 1   0.00   0.00   0.00  
C  6.479126000000e+00 8.671299000000e+00 1.467845000000e+01  1 1 1   0.00   0.00   0.00  
N  4.935442000000e+00 8.760234000000e+00 1.504037900000e+01  1 1 1   0.00   0.00   0.00  
O  7.402818000000e+00 9.151448000000e+00 1.525335800000e+01  1 1 1   0.00   0.00   0.00  
H  2.273135000000e+00 8.726094000000e+00 1.586486800000e+01  1 1 1   0.00   0.00   0.00  
C  4.324149000000e+00 9.442318000000e+00 1.621377000000e+01  1 1 1   0.00   0.00   0.00  
C  2.934634000000e+00 9.285566000000e+00 1.653343200000e+01  1 1 1   0.00   0.00   0.00  
H  6.131517000000e+00 1.040138200000e+01 1.690844000000e+01  1 1 1   0.00   0.00   0.00  
C  5.076950000000e+00 1.023360600000e+01 1.714696300000e+01  1 1 1   0.00   0.00   0.00  
C  2.376615000000e+00 9.831115000000e+00 1.772146900000e+01  1 1 1   0.00   0.00   0.00  
H  1.315488000000e+00 9.670114000000e+00 1.794350400000e+01  1 1 1   0.00   0.00   0.00  
C  4.579224000000e+00 1.082447600000e+01 1.835565400000e+01  1 1 1   0.00   0.00   0.00  
C  3.192887000000e+00 1.058552300000e+01 1.861524700000e+01  1 1 1   0.00   0.00   0.00  
O  7.737001000000e+00 1.102780100000e+01 1.853791900000e+01  1 1 1   0.00   0.00   0.00  
N  5.446112000000e+00 1.162563100000e+01 1.927267300000e+01  1 1 1   0.00   0.00   0.00  
H  2.738011000000e+00 1.097912000000e+01 1.952418400000e+01  1 1 1   0.00   0.00   0.00  
C  7.007569000000e+00 1.163122600000e+01 1.925750600000e+01  1 1 1   0.00   0.00   0.00  
O  3.899449000000e+00 1.257053400000e+01 2.098421600000e+01  1 1 1   0.00   0.00   0.00  
C  5.003446000000e+00 1.239509500000e+01 2.057615100000e+01  1 1 1   0.00   0.00   0.00  
C  7.471679000000e+00 1.248766400000e+01 2.044022000000e+01  1 1 1   0.00   0.00   0.00  
C  6.271201000000e+00 1.293329400000e+01 2.124313400000e+01  1 1 1   0.00   0.00   0.00  
H  9.657705000000e+00 1.262873500000e+01 2.025585600000e+01  1 1 1   0.00   0.00   0.00  
C  8.783963000000e+00 1.291324400000e+01 2.084613100000e+01  1 1 1   0.00   0.00   0.00  
C  6.471939000000e+00 1.375934900000e+01 2.240400500000e+01  1 1 1   0.00   0.00   0.00  
H  5.610802000000e+00 1.409130700000e+01 2.299007500000e+01  1 1 1   0.00   0.00   0.00  
C  8.923169000000e+00 1.371431900000e+01 2.200888600000e+01  1 1 1   0.00   0.00   0.00  
C  7.786940000000e+00 1.414537200000e+01 2.277742500000e+01  1 1 1   0.00   0.00   0.00  
H  9.930610000000e+00 1.403193700000e+01 2.230198400000e+01  1 1 1   0.00   0.00   0.00  
H  8.910754000000e+00 1.668302700000e+01 2.567628100000e+01  1 1 1   0.00   0.00   0.00  
O  7.960435000000e+00 1.505655600000e+01 2.381152100000e+01  1 1 1   0.00   0.00   0.00  
C  8.966252000000e+00 1.561874600000e+01 2.590106100000e+01  1 1 1   0.00   0.00   0.00  
C  8.641881000000e+00 1.464487200000e+01 2.485852800000e+01  1 1 1   0.00   0.00   0.00  
H  9.473449000000e+00 1.594873200000e+01 2.795461700000e+01  1 1 1   0.00   0.00   0.00  
H  9.699515000000e+00 1.111115700000e+01 2.872090200000e+01  1 1 1   0.00   0.00   0.00  
H  1.144121600000e+01 1.470655400000e+01 2.890608900000e+01  1 1 1   0.00   0.00   0.00  
C  9.295620000000e+00 1.519071200000e+01 2.718692200000e+01  1 1 1   0.00   0.00   0.00  
C  8.843979000000e+00 1.322795100000e+01 2.515468300000e+01  1 1 1   0.00   0.00   0.00  
H  8.695486000000e+00 1.248370100000e+01 2.437331400000e+01  1 1 1   0.00   0.00   0.00  
C  1.039513400000e+01 1.191796600000e+01 2.903472900000e+01  1 1 1   0.00   0.00   0.00  
C  9.387846000000e+00 1.377281600000e+01 2.753563300000e+01  1 1 1   0.00   0.00   0.00  
C  1.067769200000e+01 1.436503900000e+01 2.963955000000e+01  1 1 1   0.00   0.00   0.00  
H  1.128698400000e+01 1.188517000000e+01 2.837507300000e+01  1 1 1   0.00   0.00   0.00  
C  9.184545000000e+00 1.282184900000e+01 2.644434600000e+01  1 1 1   0.00   0.00   0.00  
H  1.015490900000e+01 1.525942300000e+01 3.003032800000e+01  1 1 1   0.00   0.00   0.00  
H  1.071821300000e+01 1.166293600000e+01 3.007008500000e+01  1 1 1   0.00   0.00   0.00  
H  1.123249800000e+01 1.391281200000e+01 3.048918600000e+01  1 1 1   0.00   0.00   0.00  
C  9.673308000000e+00 1.335770200000e+01 2.899039600000e+01  1 1 1   0.00   0.00   0.00  
H  9.285889000000e+00 1.174832100000e+01 2.663133800000e+01  1 1 1   0.00   0.00   0.00  
C  8.420584000000e+00 1.319709200000e+01 2.978059900000e+01  1 1 1   0.00   0.00   0.00  
H  7.355035000000e+00 1.251408300000e+01 2.796959400000e+01  1 1 1   0.00   0.00   0.00  
H  9.112289000000e+00 1.380405900000e+01 3.178836300000e+01  1 1 1   0.00   0.00   0.00  
C  7.279800000000e+00 1.266942300000e+01 2.904405000000e+01  1 1 1   0.00   0.00   0.00  
C  8.277267000000e+00 1.340760400000e+01 3.121282700000e+01  1 1 1   0.00   0.00   0.00  
C  6.086359000000e+00 1.231209900000e+01 2.970762700000e+01  1 1 1   0.00   0.00   0.00  
C  7.077196000000e+00 1.307769500000e+01 3.187449100000e+01  1 1 1   0.00   0.00   0.00  
H  5.255185000000e+00 1.188687500000e+01 2.913488100000e+01  1 1 1   0.00   0.00   0.00  
H  6.983636000000e+00 1.325450200000e+01 3.295273000000e+01  1 1 1   0.00   0.00   0.00  
C  5.988394000000e+00 1.246895100000e+01 3.114368800000e+01  1 1 1   0.00   0.00   0.00  
O  4.856715000000e+00 1.201769600000e+01 3.172771800000e+01  1 1 1   0.00   0.00   0.00  
H  7.086542000000e+00 1.091808700000e+01 3.293123500000e+01  1 1 1   0.00   0.00   0.00  
C  4.927711000000e+00 1.144157900000e+01 3.294113900000e+01  1 1 1   0.00   0.00   0.00  
C  6.144761000000e+00 1.083924400000e+01 3.347442700000e+01  1 1 1   0.00   0.00   0.00  
H  2.767684000000e+00 1.174200000000e+01 3.321199200000e+01  1 1 1   0.00   0.00   0.00  
C  3.671231000000e+00 1.129625100000e+01 3.362763900000e+01  1 1 1   0.00   0.00   0.00  
C  6.140776000000e+00 1.014002500000e+01 3.469130100000e+01  1 1 1   0.00   0.00   0.00  
H  7.061177000000e+00 9.707277000000e+00 3.509029700000e+01  1 1 1   0.00   0.00   0.00  
C  3.604803000000e+00 1.053953600000e+01 3.483590900000e+01  1 1 1   0.00   0.00   0.00  
C  4.902025000000e+00 9.996742000000e+00 3.541555400000e+01  1 1 1   0.00   0.00   0.00  
C  2.448325000000e+00 1.010070300000e+01 3.574315300000e+01  1 1 1   0.00   0.00   0.00  
O  1.301361000000e+00 1.018808000000e+01 3.544593900000e+01  1 1 1   0.00   0.00   0.00  
C  4.605035000000e+00 9.331245000000e+00 3.676370500000e+01  1 1 1   0.00   0.00   0.00  
N  3.075740000000e+00 9.428715000000e+00 3.702136400000e+01  1 1 1   0.00   0.00   0.00  
O  5.437166000000e+00 8.801832000000e+00 3.742789100000e+01  1 1 1   0.00   0.00   0.00  
C  2.367441000000e+00 8.565458000000e+00 3.802847400000e+01  1 1 1   0.00   0.00   0.00  
H  4.081426000000e+00 8.403021000000e+00 3.932988500000e+01  1 1 1   0.00   0.00   0.00  
H  4.128030000000e-01 8.503799000000e+00 3.704269200000e+01  1 1 1   0.00   0.00   0.00  
C  3.054099000000e+00 8.058157000000e+00 3.918048800000e+01  1 1 1   0.00   0.00   0.00  
C  1.014708000000e+00 8.136380000000e+00 3.788251100000e+01  1 1 1   0.00   0.00   0.00  
C  2.530239000000e+00 7.148152000000e+00 4.015863800000e+01  1 1 1   0.00   0.00   0.00  
C  4.397400000000e-01 7.209912000000e+00 3.880095300000e+01  1 1 1   0.00   0.00   0.00  
H  -5.964090000000e-01 6.882272000000e+00 3.865883300000e+01  1 1 1   0.00   0.00   0.00  
O  1.764787000000e+00 5.193698000000e+00 4.257231300000e+01  1 1 1   0.00   0.00   0.00  
C  1.187703000000e+00 6.714101000000e+00 3.990596300000e+01  1 1 1   0.00   0.00   0.00  
N  3.309680000000e+00 6.706274000000e+00 4.135117800000e+01  1 1 1   0.00   0.00   0.00  
C  2.842684000000e+00 5.669640000000e+00 4.242970300000e+01  1 1 1   0.00   0.00   0.00  
O  5.610288000000e+00 7.573677000000e+00 4.092466100000e+01  1 1 1   0.00   0.00   0.00  
C  4.859606000000e+00 6.895054000000e+00 4.155042600000e+01  1 1 1   0.00   0.00   0.00  
H  7.123960000000e-01 5.995549000000e+00 4.058157900000e+01  1 1 1   0.00   0.00   0.00  
C  4.062437000000e+00 5.325255000000e+00 4.329714200000e+01  1 1 1   0.00   0.00   0.00  
C  5.280332000000e+00 6.024927000000e+00 4.273215200000e+01  1 1 1   0.00   0.00   0.00  
H  3.334823000000e+00 3.990174000000e+00 4.487660500000e+01  1 1 1   0.00   0.00   0.00  
C  4.202803000000e+00 4.480353000000e+00 4.444024600000e+01  1 1 1   0.00   0.00   0.00  
C  6.574764000000e+00 5.750139000000e+00 4.330712300000e+01  1 1 1   0.00   0.00   0.00  
H  7.469617000000e+00 6.208361000000e+00 4.288255700000e+01  1 1 1   0.00   0.00   0.00  
C  5.504699000000e+00 4.263755000000e+00 4.501029100000e+01  1 1 1   0.00   0.00   0.00  
C  6.676394000000e+00 4.874581000000e+00 4.440643900000e+01  1 1 1   0.00   0.00   0.00  
O  5.563490000000e+00 3.399086000000e+00 4.605675800000e+01  1 1 1   0.00   0.00   0.00  
H  7.666412000000e+00 4.645459000000e+00 4.479776200000e+01  1 1 1   0.00   0.00   0.00  
"  
