description="final.xyz"  
#******** REAL SPACE GRID ********   
wavefunction_grid="56 56 272"  
potential_grid_refinement="2"  
  
#******* CONTROL OPTIONS *******  
start_mode          ="LCAO Start"  
calculation_mode    ="Relax Structure  "  
kohn_sham_solver    ="multigrid"  
subdiag_driver      ="auto"  
#auto: if cuda available, use cusolver, otherwise use lapack for n<128 and scaplack for large system  
cube_rho = "False"  
  
#********* K POINT SETUP *********  
kpoint_mesh = "1 1 1"  
kpoint_is_shift = "0 0 0"  
  
#******* Pseudopotentials *******   
internal_pseudo_type = "sg15"  
#use Optimized Norm-Conserving Vanderbilt (ONCV) pseudopotenitals  
#those pseudopotentials are built in with RMG  
write_pseudopotential_plots ="False"  
  
#*****Exchange Correlation ******  
exchange_correlation_type="AUTO_XC"  
#AUTO_XC: XC will be determined from pseudopotential  
  
#****  LATTICE and ATOMS  ****   
bravais_lattice_type="None"  
crds_units = "Angstrom"  
lattice_units = "Angstrom"  
lattice_vector="  
 8.261093000000e+00  0.000000000000e+00  0.000000000000e+00   
 0.000000000000e+00  8.665935000000e+00  0.000000000000e+00   
 0.000000000000e+00  0.000000000000e+00  4.262378800000e+01   
"  
atomic_coordinate_type = "Absolute"  
atoms="  
H  3.936113000000e+00 5.074600000000e-02 2.335456000000e+00  1 1 1   0.00   0.00   0.00  
C  4.157572000000e+00 -6.666120000000e-01 3.126537000000e+00  1 1 1   0.00   0.00   0.00  
C  4.394993000000e+00 -2.063237000000e+00 2.789183000000e+00  1 1 1   0.00   0.00   0.00  
H  5.651035000000e+00 -1.298166000000e+00 8.840134000000e+00  1 1 1   0.00   0.00   0.00  
H  4.061602000000e+00 8.426130000000e-01 4.665590000000e+00  1 1 1   0.00   0.00   0.00  
H  6.044552000000e+00 8.974700000000e-01 7.966493000000e+00  1 1 1   0.00   0.00   0.00  
C  4.225309000000e+00 -2.159980000000e-01 4.455089000000e+00  1 1 1   0.00   0.00   0.00  
C  4.681969000000e+00 -2.986062000000e+00 3.883883000000e+00  1 1 1   0.00   0.00   0.00  
H  4.857722000000e+00 -4.044075000000e+00 3.667446000000e+00  1 1 1   0.00   0.00   0.00  
C  4.533116000000e+00 -1.126148000000e+00 5.550287000000e+00  1 1 1   0.00   0.00   0.00  
C  5.356634000000e+00 -1.702952000000e+00 7.848400000000e+00  1 1 1   0.00   0.00   0.00  
C  4.744451000000e+00 -2.527923000000e+00 5.207021000000e+00  1 1 1   0.00   0.00   0.00  
H  4.672764000000e+00 -2.562174000000e+00 8.021471000000e+00  1 1 1   0.00   0.00   0.00  
C  5.735525000000e+00 6.350090000000e-01 6.931147000000e+00  1 1 1   0.00   0.00   0.00  
H  6.279422000000e+00 -2.100125000000e+00 7.367955000000e+00  1 1 1   0.00   0.00   0.00  
H  4.963067000000e+00 -3.257315000000e+00 5.989777000000e+00  1 1 1   0.00   0.00   0.00  
C  4.673963000000e+00 -5.737410000000e-01 6.928648000000e+00  1 1 1   0.00   0.00   0.00  
H  6.661014000000e+00 3.675410000000e-01 6.378735000000e+00  1 1 1   0.00   0.00   0.00  
H  5.308784000000e+00 1.546621000000e+00 6.464480000000e+00  1 1 1   0.00   0.00   0.00  
C  3.403317000000e+00 -9.270800000000e-02 7.557465000000e+00  1 1 1   0.00   0.00   0.00  
H  2.107193000000e+00 -1.514887000000e+00 6.497851000000e+00  1 1 1   0.00   0.00   0.00  
H  4.247934000000e+00 1.560614000000e+00 8.763194000000e+00  1 1 1   0.00   0.00   0.00  
C  2.134320000000e+00 -7.347840000000e-01 7.255857000000e+00  1 1 1   0.00   0.00   0.00  
C  3.344099000000e+00 1.000818000000e+00 8.516594000000e+00  1 1 1   0.00   0.00   0.00  
C  9.490390000000e-01 -4.146070000000e-01 7.948946000000e+00  1 1 1   0.00   0.00   0.00  
C  2.147179000000e+00 1.383220000000e+00 9.151876000000e+00  1 1 1   0.00   0.00   0.00  
H  3.950500000000e-02 -9.825640000000e-01 7.741057000000e+00  1 1 1   0.00   0.00   0.00  
H  2.154269000000e+00 2.241302000000e+00 9.829189000000e+00  1 1 1   0.00   0.00   0.00  
C  9.237400000000e-01 6.296520000000e-01 8.955005000000e+00  1 1 1   0.00   0.00   0.00  
O  -2.106540000000e-01 8.240960000000e-01 9.654761000000e+00  1 1 1   0.00   0.00   0.00  
H  1.904183000000e+00 8.900770000000e-01 1.147176100000e+01  1 1 1   0.00   0.00   0.00  
C  -1.918200000000e-01 1.310976000000e+00 1.090847900000e+01  1 1 1   0.00   0.00   0.00  
C  1.002463000000e+00 1.447295000000e+00 1.173148900000e+01  1 1 1   0.00   0.00   0.00  
H  -2.360303000000e+00 1.659167000000e+00 1.086562800000e+01  1 1 1   0.00   0.00   0.00  
C  -1.428408000000e+00 1.856394000000e+00 1.139940100000e+01  1 1 1   0.00   0.00   0.00  
C  1.054333000000e+00 2.293579000000e+00 1.285210600000e+01  1 1 1   0.00   0.00   0.00  
H  1.987490000000e+00 2.412253000000e+00 1.340920000000e+01  1 1 1   0.00   0.00   0.00  
C  -1.430539000000e+00 2.675023000000e+00 1.256904800000e+01  1 1 1   0.00   0.00   0.00  
C  -1.351550000000e-01 2.980593000000e+00 1.329020900000e+01  1 1 1   0.00   0.00   0.00  
C  -2.573374000000e+00 3.369154000000e+00 1.332662400000e+01  1 1 1   0.00   0.00   0.00  
O  -3.709484000000e+00 3.330564000000e+00 1.299018600000e+01  1 1 1   0.00   0.00   0.00  
C  -3.951710000000e-01 3.920935000000e+00 1.446448900000e+01  1 1 1   0.00   0.00   0.00  
N  -1.945600000000e+00 4.144835000000e+00 1.454633100000e+01  1 1 1   0.00   0.00   0.00  
O  4.474900000000e-01 4.393610000000e+00 1.515722700000e+01  1 1 1   0.00   0.00   0.00  
H  -4.660986000000e+00 4.193973000000e+00 1.496189000000e+01  1 1 1   0.00   0.00   0.00  
C  -2.692588000000e+00 4.953279000000e+00 1.554912800000e+01  1 1 1   0.00   0.00   0.00  
C  -4.125547000000e+00 4.878137000000e+00 1.561700200000e+01  1 1 1   0.00   0.00   0.00  
H  -1.000716000000e+00 5.974000000000e+00 1.645225300000e+01  1 1 1   0.00   0.00   0.00  
C  -2.090191000000e+00 5.870914000000e+00 1.647348600000e+01  1 1 1   0.00   0.00   0.00  
C  -4.889199000000e+00 5.675449000000e+00 1.651633000000e+01  1 1 1   0.00   0.00   0.00  
H  -5.984335000000e+00 5.606867000000e+00 1.652621900000e+01  1 1 1   0.00   0.00   0.00  
C  -2.792128000000e+00 6.703622000000e+00 1.740679900000e+01  1 1 1   0.00   0.00   0.00  
C  -4.227247000000e+00 6.565570000000e+00 1.740152100000e+01  1 1 1   0.00   0.00   0.00  
O  -4.093076000000e+00 8.390610000000e+00 1.968431000000e+01  1 1 1   0.00   0.00   0.00  
N  -2.147248000000e+00 7.677654000000e+00 1.832029400000e+01  1 1 1   0.00   0.00   0.00  
H  -4.844418000000e+00 7.161355000000e+00 1.807434600000e+01  1 1 1   0.00   0.00   0.00  
C  -2.928370000000e+00 8.417001000000e+00 1.944436500000e+01  1 1 1   0.00   0.00   0.00  
O  3.384190000000e-01 7.540660000000e+00 1.797638500000e+01  1 1 1   0.00   0.00   0.00  
C  -5.910720000000e-01 7.974608000000e+00 1.856544400000e+01  1 1 1   0.00   0.00   0.00  
C  -1.902660000000e+00 9.171928000000e+00 2.029508400000e+01  1 1 1   0.00   0.00   0.00  
C  -5.069470000000e-01 8.918563000000e+00 1.976466400000e+01  1 1 1   0.00   0.00   0.00  
H  -3.160404000000e+00 1.020410500000e+01 2.178318400000e+01  1 1 1   0.00   0.00   0.00  
C  -2.140455000000e+00 1.002618700000e+01 2.142812900000e+01  1 1 1   0.00   0.00   0.00  
C  5.747020000000e-01 9.592392000000e+00 2.042042300000e+01  1 1 1   0.00   0.00   0.00  
H  1.595374000000e+00 9.485899000000e+00 2.004363000000e+01  1 1 1   0.00   0.00   0.00  
C  -1.029046000000e+00 1.062078700000e+01 2.206369300000e+01  1 1 1   0.00   0.00   0.00  
C  3.139320000000e-01 1.041459400000e+01 2.155590200000e+01  1 1 1   0.00   0.00   0.00  
H  -1.199920000000e+00 1.125199300000e+01 2.293838200000e+01  1 1 1   0.00   0.00   0.00  
H  2.289057000000e+00 8.566514000000e+00 2.191780400000e+01  1 1 1   0.00   0.00   0.00  
O  1.277516000000e+00 1.117698000000e+01 2.216248000000e+01  1 1 1   0.00   0.00   0.00  
C  2.721818000000e+00 9.229518000000e+00 2.266597700000e+01  1 1 1   0.00   0.00   0.00  
C  2.345393000000e+00 1.063621600000e+01 2.273216000000e+01  1 1 1   0.00   0.00   0.00  
H  3.816661000000e+00 7.627865000000e+00 2.354578900000e+01  1 1 1   0.00   0.00   0.00  
H  4.660977000000e+00 6.646628000000e+00 2.517508000000e+01  1 1 1   0.00   0.00   0.00  
H  7.247214000000e+00 9.092410000000e+00 2.648248400000e+01  1 1 1   0.00   0.00   0.00  
C  3.613926000000e+00 8.699171000000e+00 2.360070000000e+01  1 1 1   0.00   0.00   0.00  
C  3.040319000000e+00 1.148058100000e+01 2.370424500000e+01  1 1 1   0.00   0.00   0.00  
H  2.803093000000e+00 1.254752700000e+01 2.374795200000e+01  1 1 1   0.00   0.00   0.00  
C  5.547782000000e+00 7.317103000000e+00 2.516278400000e+01  1 1 1   0.00   0.00   0.00  
C  4.271420000000e+00 9.499538000000e+00 2.463254600000e+01  1 1 1   0.00   0.00   0.00  
C  6.587789000000e+00 9.525622000000e+00 2.569776500000e+01  1 1 1   0.00   0.00   0.00  
H  5.971336000000e+00 7.328679000000e+00 2.413351800000e+01  1 1 1   0.00   0.00   0.00  
C  3.952781000000e+00 1.092609400000e+01 2.460366200000e+01  1 1 1   0.00   0.00   0.00  
H  7.120924000000e+00 9.427527000000e+00 2.472729500000e+01  1 1 1   0.00   0.00   0.00  
H  6.316842000000e+00 6.837356000000e+00 2.580706400000e+01  1 1 1   0.00   0.00   0.00  
H  6.480284000000e+00 1.060595600000e+01 2.590810000000e+01  1 1 1   0.00   0.00   0.00  
C  5.188006000000e+00 8.805728000000e+00 2.565570700000e+01  1 1 1   0.00   0.00   0.00  
H  4.424201000000e+00 1.159782800000e+01 2.532721200000e+01  1 1 1   0.00   0.00   0.00  
C  4.597504000000e+00 8.772509000000e+00 2.702218600000e+01  1 1 1   0.00   0.00   0.00  
H  6.200320000000e+00 7.539544000000e+00 2.791648100000e+01  1 1 1   0.00   0.00   0.00  
H  2.794494000000e+00 9.966861000000e+00 2.657078900000e+01  1 1 1   0.00   0.00   0.00  
C  5.254283000000e+00 8.054765000000e+00 2.810640300000e+01  1 1 1   0.00   0.00   0.00  
C  3.343099000000e+00 9.432640000000e+00 2.735342400000e+01  1 1 1   0.00   0.00   0.00  
C  4.699328000000e+00 7.972511000000e+00 2.939559200000e+01  1 1 1   0.00   0.00   0.00  
C  2.818471000000e+00 9.409633000000e+00 2.865697200000e+01  1 1 1   0.00   0.00   0.00  
H  5.208994000000e+00 7.375553000000e+00 3.014927400000e+01  1 1 1   0.00   0.00   0.00  
H  1.880900000000e+00 9.931592000000e+00 2.886421200000e+01  1 1 1   0.00   0.00   0.00  
C  3.466182000000e+00 8.665332000000e+00 2.973082500000e+01  1 1 1   0.00   0.00   0.00  
O  2.844376000000e+00 8.590688000000e+00 3.089722900000e+01  1 1 1   0.00   0.00   0.00  
H  5.345017000000e+00 8.159619000000e+00 3.208433100000e+01  1 1 1   0.00   0.00   0.00  
C  3.202541000000e+00 7.749626000000e+00 3.192415300000e+01  1 1 1   0.00   0.00   0.00  
C  4.515698000000e+00 7.580101000000e+00 3.249623200000e+01  1 1 1   0.00   0.00   0.00  
H  1.103844000000e+00 7.178113000000e+00 3.216681300000e+01  1 1 1   0.00   0.00   0.00  
C  2.121471000000e+00 7.061704000000e+00 3.254998900000e+01  1 1 1   0.00   0.00   0.00  
C  4.801384000000e+00 6.708298000000e+00 3.358031500000e+01  1 1 1   0.00   0.00   0.00  
H  5.829745000000e+00 6.598976000000e+00 3.393898800000e+01  1 1 1   0.00   0.00   0.00  
C  2.352001000000e+00 6.252846000000e+00 3.371728300000e+01  1 1 1   0.00   0.00   0.00  
C  3.742750000000e+00 6.006445000000e+00 3.424973700000e+01  1 1 1   0.00   0.00   0.00  
C  1.338485000000e+00 5.554597000000e+00 3.463082900000e+01  1 1 1   0.00   0.00   0.00  
O  1.654710000000e-01 5.574339000000e+00 3.443395300000e+01  1 1 1   0.00   0.00   0.00  
C  3.660964000000e+00 5.088626000000e+00 3.547495400000e+01  1 1 1   0.00   0.00   0.00  
N  2.141378000000e+00 4.846221000000e+00 3.577403100000e+01  1 1 1   0.00   0.00   0.00  
O  4.590494000000e+00 4.658000000000e+00 3.607827600000e+01  1 1 1   0.00   0.00   0.00  
C  1.536828000000e+00 4.018317000000e+00 3.686401600000e+01  1 1 1   0.00   0.00   0.00  
H  3.308805000000e+00 2.934049000000e+00 3.744757700000e+01  1 1 1   0.00   0.00   0.00  
H  -4.724790000000e-01 4.874652000000e+00 3.660080900000e+01  1 1 1   0.00   0.00   0.00  
C  2.246430000000e+00 3.074866000000e+00 3.767632100000e+01  1 1 1   0.00   0.00   0.00  
C  1.397890000000e-01 4.156670000000e+00 3.715504500000e+01  1 1 1   0.00   0.00   0.00  
C  1.705939000000e+00 2.300750000000e+00 3.875841300000e+01  1 1 1   0.00   0.00   0.00  
C  -4.838940000000e-01 3.371815000000e+00 3.816489200000e+01  1 1 1   0.00   0.00   0.00  
H  -1.557657000000e+00 3.482094000000e+00 3.835521200000e+01  1 1 1   0.00   0.00   0.00  
O  7.640670000000e-01 4.666350000000e-01 4.119621200000e+01  1 1 1   0.00   0.00   0.00  
C  2.921540000000e-01 2.457235000000e+00 3.893364400000e+01  1 1 1   0.00   0.00   0.00  
N  2.493442000000e+00 1.468426000000e+00 3.971113200000e+01  1 1 1   0.00   0.00   0.00  
C  1.903060000000e+00 6.091580000000e-01 4.089247500000e+01  1 1 1   0.00   0.00   0.00  
O  4.883460000000e+00 1.765227000000e+00 3.909324600000e+01  1 1 1   0.00   0.00   0.00  
C  4.047577000000e+00 1.275077000000e+00 3.977910700000e+01  1 1 1   0.00   0.00   0.00  
H  -2.261450000000e-01 1.885627000000e+00 3.970239800000e+01  1 1 1   0.00   0.00   0.00  
C  3.056082000000e+00 -8.506400000000e-02 4.161479700000e+01  1 1 1   0.00   0.00   0.00  
C  4.343296000000e+00 3.074390000000e-01 4.093444600000e+01  1 1 1   0.00   0.00   0.00  
H  2.171654000000e+00 -1.260094000000e+00 4.325743500000e+01  1 1 1   0.00   0.00   0.00  
C  3.097037000000e+00 -9.920410000000e-01 4.273868600000e+01  1 1 1   0.00   0.00   0.00  
C  5.574436000000e+00 -2.635140000000e-01 4.141270800000e+01  1 1 1   0.00   0.00   0.00  
H  6.522404000000e+00 6.915000000000e-03 4.094018100000e+01  1 1 1   0.00   0.00   0.00  
C  4.325134000000e+00 -1.558513000000e+00 4.315259800000e+01  1 1 1   0.00   0.00   0.00  
C  5.544161000000e+00 -1.207258000000e+00 4.247879000000e+01  1 1 1   0.00   0.00   0.00  
O  4.377003000000e+00 -2.516178000000e+00 4.418243500000e+01  1 1 1   0.00   0.00   0.00  
H  6.483469000000e+00 -1.668986000000e+00 4.279738800000e+01  1 1 1   0.00   0.00   0.00  
H  6.397123000000e+00 4.584964000000e+00 1.368268000000e+00  1 1 1   0.00   0.00   0.00  
C  6.882177000000e+00 3.868075000000e+00 2.034105000000e+00  1 1 1   0.00   0.00   0.00  
C  6.510503000000e+00 2.465569000000e+00 1.979666000000e+00  1 1 1   0.00   0.00   0.00  
H  1.121468800000e+01 2.952533000000e+00 4.027766000000e+00  1 1 1   0.00   0.00   0.00  
H  8.037262000000e+00 5.411415000000e+00 2.992614000000e+00  1 1 1   0.00   0.00   0.00  
H  1.021912100000e+01 5.490309000000e+00 3.376646000000e+00  1 1 1   0.00   0.00   0.00  
C  7.829327000000e+00 4.339540000000e+00 2.964271000000e+00  1 1 1   0.00   0.00   0.00  
C  7.155037000000e+00 1.564379000000e+00 2.917331000000e+00  1 1 1   0.00   0.00   0.00  
H  6.880017000000e+00 5.043510000000e-01 2.917634000000e+00  1 1 1   0.00   0.00   0.00  
C  8.505620000000e+00 3.436447000000e+00 3.884032000000e+00  1 1 1   0.00   0.00   0.00  
C  1.077659600000e+01 3.172546000000e+00 5.028328000000e+00  1 1 1   0.00   0.00   0.00  
C  8.129259000000e+00 2.033312000000e+00 3.820671000000e+00  1 1 1   0.00   0.00   0.00  
H  1.155523800000e+01 3.726260000000e+00 5.599156000000e+00  1 1 1   0.00   0.00   0.00  
C  9.932718000000e+00 5.454721000000e+00 4.453041000000e+00  1 1 1   0.00   0.00   0.00  
H  1.060701100000e+01 2.215747000000e+00 5.562611000000e+00  1 1 1   0.00   0.00   0.00  
H  8.586903000000e+00 1.318468000000e+00 4.511066000000e+00  1 1 1   0.00   0.00   0.00  
C  9.423309000000e+00 4.029212000000e+00 4.891760000000e+00  1 1 1   0.00   0.00   0.00  
H  9.178158000000e+00 6.249123000000e+00 4.649232000000e+00  1 1 1   0.00   0.00   0.00  
H  1.083894600000e+01 5.746075000000e+00 5.020583000000e+00  1 1 1   0.00   0.00   0.00  
C  8.708810000000e+00 4.166205000000e+00 6.250925000000e+00  1 1 1   0.00   0.00   0.00  
H  6.876222000000e+00 3.101109000000e+00 5.638128000000e+00  1 1 1   0.00   0.00   0.00  
H  1.026777000000e+01 5.288290000000e+00 7.332776000000e+00  1 1 1   0.00   0.00   0.00  
C  7.358064000000e+00 3.643749000000e+00 6.456602000000e+00  1 1 1   0.00   0.00   0.00  
C  9.257522000000e+00 4.880435000000e+00 7.402186000000e+00  1 1 1   0.00   0.00   0.00  
C  6.647941000000e+00 3.807758000000e+00 7.647053000000e+00  1 1 1   0.00   0.00   0.00  
C  8.546977000000e+00 5.100343000000e+00 8.584940000000e+00  1 1 1   0.00   0.00   0.00  
H  5.645183000000e+00 3.386522000000e+00 7.732638000000e+00  1 1 1   0.00   0.00   0.00  
H  9.016432000000e+00 5.688311000000e+00 9.367392000000e+00  1 1 1   0.00   0.00   0.00  
C  7.199359000000e+00 4.574042000000e+00 8.764951000000e+00  1 1 1   0.00   0.00   0.00  
O  6.359079000000e+00 4.857081000000e+00 9.761198000000e+00  1 1 1   0.00   0.00   0.00  
H  8.759596000000e+00 5.247615000000e+00 1.119296800000e+01  1 1 1   0.00   0.00   0.00  
C  6.600270000000e+00 5.577134000000e+00 1.088155500000e+01  1 1 1   0.00   0.00   0.00  
C  7.874432000000e+00 5.776281000000e+00 1.154967400000e+01  1 1 1   0.00   0.00   0.00  
H  4.440802000000e+00 5.997368000000e+00 1.099501200000e+01  1 1 1   0.00   0.00   0.00  
C  5.420528000000e+00 6.183807000000e+00 1.144309800000e+01  1 1 1   0.00   0.00   0.00  
C  8.019402000000e+00 6.614286000000e+00 1.267260900000e+01  1 1 1   0.00   0.00   0.00  
H  8.997881000000e+00 6.738881000000e+00 1.314498100000e+01  1 1 1   0.00   0.00   0.00  
C  5.522881000000e+00 7.037826000000e+00 1.257682300000e+01  1 1 1   0.00   0.00   0.00  
C  6.871656000000e+00 7.305649000000e+00 1.320893400000e+01  1 1 1   0.00   0.00   0.00  
C  4.431830000000e+00 7.805728000000e+00 1.335190000000e+01  1 1 1   0.00   0.00   0.00  
O  3.290510000000e+00 7.865719000000e+00 1.302406400000e+01  1 1 1   0.00   0.00   0.00  
C  6.692038000000e+00 8.287132000000e+00 1.436061300000e+01  1 1 1   0.00   0.00   0.00  
N  5.133927000000e+00 8.546139000000e+00 1.452188900000e+01  1 1 1   0.00   0.00   0.00  
O  7.589604000000e+00 8.795780000000e+00 1.494803200000e+01  1 1 1   0.00   0.00   0.00  
H  2.378486000000e+00 8.983467000000e+00 1.500968700000e+01  1 1 1   0.00   0.00   0.00  
C  4.474693000000e+00 9.514053000000e+00 1.544902300000e+01  1 1 1   0.00   0.00   0.00  
C  3.058382000000e+00 9.529527000000e+00 1.567310300000e+01  1 1 1   0.00   0.00   0.00  
H  6.306618000000e+00 1.043282600000e+01 1.609259400000e+01  1 1 1   0.00   0.00   0.00  
C  5.241762000000e+00 1.035301200000e+01 1.632403600000e+01  1 1 1   0.00   0.00   0.00  
C  2.517868000000e+00 1.018168300000e+01 1.681561400000e+01  1 1 1   0.00   0.00   0.00  
H  1.446431000000e+00 1.010695900000e+01 1.701267100000e+01  1 1 1   0.00   0.00   0.00  
C  4.761380000000e+00 1.105835200000e+01 1.748043700000e+01  1 1 1   0.00   0.00   0.00  
C  3.357048000000e+00 1.091013600000e+01 1.770991800000e+01  1 1 1   0.00   0.00   0.00  
O  7.916851000000e+00 1.127188200000e+01 1.760567500000e+01  1 1 1   0.00   0.00   0.00  
N  5.644494000000e+00 1.187718100000e+01 1.836138700000e+01  1 1 1   0.00   0.00   0.00  
H  2.910062000000e+00 1.136976400000e+01 1.859142800000e+01  1 1 1   0.00   0.00   0.00  
C  7.196784000000e+00 1.193774100000e+01 1.827832100000e+01  1 1 1   0.00   0.00   0.00  
O  4.156086000000e+00 1.295334800000e+01 2.005926700000e+01  1 1 1   0.00   0.00   0.00  
C  5.231514000000e+00 1.279532600000e+01 1.958373200000e+01  1 1 1   0.00   0.00   0.00  
C  7.701130000000e+00 1.294531800000e+01 1.931631300000e+01  1 1 1   0.00   0.00   0.00  
C  6.516397000000e+00 1.344435600000e+01 2.010609800000e+01  1 1 1   0.00   0.00   0.00  
H  9.886004000000e+00 1.309863500000e+01 1.902447200000e+01  1 1 1   0.00   0.00   0.00  
C  9.023974000000e+00 1.343724500000e+01 1.960400300000e+01  1 1 1   0.00   0.00   0.00  
C  6.753478000000e+00 1.440510300000e+01 2.115357000000e+01  1 1 1   0.00   0.00   0.00  
H  5.909880000000e+00 1.478291900000e+01 2.173658700000e+01  1 1 1   0.00   0.00   0.00  
C  9.189175000000e+00 1.437755900000e+01 2.066233100000e+01  1 1 1   0.00   0.00   0.00  
C  8.070582000000e+00 1.485511600000e+01 2.142448200000e+01  1 1 1   0.00   0.00   0.00  
H  1.019481600000e+01 1.474516900000e+01 2.089082900000e+01  1 1 1   0.00   0.00   0.00  
H  9.265872000000e+00 1.726018300000e+01 2.446825800000e+01  1 1 1   0.00   0.00   0.00  
O  8.312253000000e+00 1.581027000000e+01 2.242886900000e+01  1 1 1   0.00   0.00   0.00  
C  9.079618000000e+00 1.620134100000e+01 2.466284600000e+01  1 1 1   0.00   0.00   0.00  
C  8.691760000000e+00 1.530943300000e+01 2.357937300000e+01  1 1 1   0.00   0.00   0.00  
H  9.430961000000e+00 1.641536200000e+01 2.677614400000e+01  1 1 1   0.00   0.00   0.00  
H  9.628870000000e+00 1.169032300000e+01 2.693354000000e+01  1 1 1   0.00   0.00   0.00  
H  1.106274100000e+01 1.516018400000e+01 2.782632400000e+01  1 1 1   0.00   0.00   0.00  
C  9.187009000000e+00 1.571367500000e+01 2.597642600000e+01  1 1 1   0.00   0.00   0.00  
C  8.557954000000e+00 1.388589300000e+01 2.386584600000e+01  1 1 1   0.00   0.00   0.00  
H  8.313456000000e+00 1.319323600000e+01 2.306059200000e+01  1 1 1   0.00   0.00   0.00  
C  1.017997700000e+01 1.248810800000e+01 2.747297000000e+01  1 1 1   0.00   0.00   0.00  
C  9.022241000000e+00 1.429768000000e+01 2.627402400000e+01  1 1 1   0.00   0.00   0.00  
C  1.018274100000e+01 1.485508700000e+01 2.843665400000e+01  1 1 1   0.00   0.00   0.00  
H  1.108576400000e+01 1.272244600000e+01 2.686904000000e+01  1 1 1   0.00   0.00   0.00  
C  8.727576000000e+00 1.339553500000e+01 2.516996600000e+01  1 1 1   0.00   0.00   0.00  
H  9.614919000000e+00 1.577754100000e+01 2.869317600000e+01  1 1 1   0.00   0.00   0.00  
H  1.051898900000e+01 1.207466400000e+01 2.844353800000e+01  1 1 1   0.00   0.00   0.00  
H  1.058482900000e+01 1.443521600000e+01 2.938511000000e+01  1 1 1   0.00   0.00   0.00  
C  9.273082000000e+00 1.380995700000e+01 2.765891700000e+01  1 1 1   0.00   0.00   0.00  
H  8.635621000000e+00 1.231657200000e+01 2.533025300000e+01  1 1 1   0.00   0.00   0.00  
C  8.034035000000e+00 1.352038500000e+01 2.845343600000e+01  1 1 1   0.00   0.00   0.00  
H  7.093809000000e+00 1.224723100000e+01 2.693160400000e+01  1 1 1   0.00   0.00   0.00  
H  8.555989000000e+00 1.469119800000e+01 3.024908100000e+01  1 1 1   0.00   0.00   0.00  
C  6.985692000000e+00 1.267110700000e+01 2.792797500000e+01  1 1 1   0.00   0.00   0.00  
C  7.804126000000e+00 1.405127400000e+01 2.978316800000e+01  1 1 1   0.00   0.00   0.00  
C  5.822050000000e+00 1.234803800000e+01 2.867669600000e+01  1 1 1   0.00   0.00   0.00  
C  6.623162000000e+00 1.377881600000e+01 3.052076400000e+01  1 1 1   0.00   0.00   0.00  
H  5.078245000000e+00 1.165717000000e+01 2.826683600000e+01  1 1 1   0.00   0.00   0.00  
H  6.496255000000e+00 1.421330000000e+01 3.151822600000e+01  1 1 1   0.00   0.00   0.00  
C  5.608025000000e+00 1.291557300000e+01 2.997950600000e+01  1 1 1   0.00   0.00   0.00  
O  4.420854000000e+00 1.263429900000e+01 3.062865700000e+01  1 1 1   0.00   0.00   0.00  
H  6.751343000000e+00 1.173149200000e+01 3.166106200000e+01  1 1 1   0.00   0.00   0.00  
C  4.544748000000e+00 1.187688500000e+01 3.170614700000e+01  1 1 1   0.00   0.00   0.00  
C  5.851728000000e+00 1.149099000000e+01 3.222641900000e+01  1 1 1   0.00   0.00   0.00  
H  2.358760000000e+00 1.167095000000e+01 3.197311200000e+01  1 1 1   0.00   0.00   0.00  
C  3.350312000000e+00 1.146495500000e+01 3.239262700000e+01  1 1 1   0.00   0.00   0.00  
C  6.012056000000e+00 1.081942700000e+01 3.345012500000e+01  1 1 1   0.00   0.00   0.00  
H  7.010924000000e+00 1.057114400000e+01 3.382193200000e+01  1 1 1   0.00   0.00   0.00  
C  3.475658000000e+00 1.074596600000e+01 3.361520600000e+01  1 1 1   0.00   0.00   0.00  
C  4.843465000000e+00 1.042300700000e+01 3.419354000000e+01  1 1 1   0.00   0.00   0.00  
C  2.409507000000e+00 1.012127800000e+01 3.452134100000e+01  1 1 1   0.00   0.00   0.00  
O  1.237160000000e+00 1.026315100000e+01 3.438278900000e+01  1 1 1   0.00   0.00   0.00  
C  4.722037000000e+00 9.592005000000e+00 3.546413000000e+01  1 1 1   0.00   0.00   0.00  
N  3.158549000000e+00 9.316340000000e+00 3.563262900000e+01  1 1 1   0.00   0.00   0.00  
O  5.629272000000e+00 9.231455000000e+00 3.613861000000e+01  1 1 1   0.00   0.00   0.00  
C  2.485434000000e+00 8.500924000000e+00 3.667168100000e+01  1 1 1   0.00   0.00   0.00  
H  4.291939000000e+00 7.865387000000e+00 3.768254300000e+01  1 1 1   0.00   0.00   0.00  
H  4.337940000000e-01 8.950596000000e+00 3.600301400000e+01  1 1 1   0.00   0.00   0.00  
C  3.202124000000e+00 7.748842000000e+00 3.766054600000e+01  1 1 1   0.00   0.00   0.00  
C  1.051072000000e+00 8.392375000000e+00 3.671014000000e+01  1 1 1   0.00   0.00   0.00  
C  2.603881000000e+00 6.838322000000e+00 3.859597800000e+01  1 1 1   0.00   0.00   0.00  
C  3.949730000000e-01 7.579860000000e+00 3.767313300000e+01  1 1 1   0.00   0.00   0.00  
H  -6.982350000000e-01 7.540338000000e+00 3.769639100000e+01  1 1 1   0.00   0.00   0.00  
O  1.684410000000e+00 4.701602000000e+00 4.079089000000e+01  1 1 1   0.00   0.00   0.00  
C  1.168680000000e+00 6.809309000000e+00 3.858781300000e+01  1 1 1   0.00   0.00   0.00  
N  3.395861000000e+00 5.928340000000e+00 3.946148500000e+01  1 1 1   0.00   0.00   0.00  
C  2.819366000000e+00 4.910045000000e+00 4.052171100000e+01  1 1 1   0.00   0.00   0.00  
O  5.783710000000e+00 6.482774000000e+00 3.896510000000e+01  1 1 1   0.00   0.00   0.00  
C  4.961892000000e+00 5.833381000000e+00 3.952607900000e+01  1 1 1   0.00   0.00   0.00  
H  6.389590000000e-01 6.175114000000e+00 3.929739500000e+01  1 1 1   0.00   0.00   0.00  
C  4.008836000000e+00 4.217298000000e+00 4.120074400000e+01  1 1 1   0.00   0.00   0.00  
C  5.275295000000e+00 4.749740000000e+00 4.056198100000e+01  1 1 1   0.00   0.00   0.00  
H  3.193942000000e+00 2.898524000000e+00 4.275484200000e+01  1 1 1   0.00   0.00   0.00  
C  4.103820000000e+00 3.258085000000e+00 4.225046600000e+01  1 1 1   0.00   0.00   0.00  
C  6.547674000000e+00 4.202178000000e+00 4.095149500000e+01  1 1 1   0.00   0.00   0.00  
H  7.465673000000e+00 4.548585000000e+00 4.046729200000e+01  1 1 1   0.00   0.00   0.00  
C  5.387250000000e+00 2.794688000000e+00 4.266382500000e+01  1 1 1   0.00   0.00   0.00  
C  6.583993000000e+00 3.210788000000e+00 4.195347200000e+01  1 1 1   0.00   0.00   0.00  
O  5.525107000000e+00 2.052156000000e+00 4.379496000000e+01  1 1 1   0.00   0.00   0.00  
H  7.553396000000e+00 2.781207000000e+00 4.221627900000e+01  1 1 1   0.00   0.00   0.00  
"  
