description="init.xyz"  
#******** REAL SPACE GRID ********   
wavefunction_grid="64 56 208"  
potential_grid_refinement="2"  
  
#******* CONTROL OPTIONS *******  
start_mode          ="LCAO Start"  
calculation_mode    ="Relax Structure"
relax_method = "LBFGS"
kohn_sham_solver    ="davidson"  
subdiag_driver      ="auto"  
#auto: if cuda available, use cusolver, otherwise use lapack for n<128 and scaplack for large system  
cube_rho = "True"  
  
#********* K POINT SETUP *********  
kpoint_mesh = "1 1 1"  
kpoint_is_shift = "0 0 0"  
  
#******* Pseudopotentials *******   
internal_pseudo_type = "sg15"  
#use Optimized Norm-Conserving Vanderbilt (ONCV) pseudopotenitals  
#those pseudopotentials are built in with RMG  
write_pseudopotential_plots ="False"  
  
#*****Exchange Correlation ******  
exchange_correlation_type="AUTO_XC"  
#AUTO_XC: XC will be determined from pseudopotential  
  
#****  LATTICE and ATOMS  ****   
bravais_lattice_type="Orthorhombic Primitive"  
crds_units = "Angstrom"  
lattice_units = "Angstrom"  
a_length="     12.09418300"  
b_length="     10.41923500"  
c_length="     40.48000000"  
atomic_coordinate_type = "Absolute"  
atoms="  
H  1.186595000000e+00 3.272387000000e+00 1.864099000000e+00  1 1 1   0.00   0.00   0.00  
C  2.242869000000e+00 3.095231000000e+00 1.678163000000e+00  1 1 1   0.00   0.00   0.00  
C  2.869259000000e+00 3.758432000000e+00 6.237330000000e-01  1 1 1   0.00   0.00   0.00  
H  2.301697000000e+00 4.445157000000e+00 0.000000000000e+00  1 1 1   0.00   0.00   0.00  
C  4.219423000000e+00 3.536025000000e+00 3.627290000000e-01  1 1 1   0.00   0.00   0.00  
C  4.942605000000e+00 2.649933000000e+00 1.158099000000e+00  1 1 1   0.00   0.00   0.00  
H  5.995436000000e+00 2.471678000000e+00 9.531000000000e-01  1 1 1   0.00   0.00   0.00  
C  4.315330000000e+00 1.985015000000e+00 2.210896000000e+00  1 1 1   0.00   0.00   0.00  
H  4.885332000000e+00 1.288535000000e+00 2.820718000000e+00  1 1 1   0.00   0.00   0.00  
C  2.961884000000e+00 2.202273000000e+00 2.478458000000e+00  1 1 1   0.00   0.00   0.00  
S  2.167378000000e+00 1.322538000000e+00 3.795962000000e+00  1 1 1   0.00   0.00   0.00  
H  2.474764000000e+00 1.311683000000e+00 8.679008000000e+00  1 1 1   0.00   0.00   0.00  
C  2.665998000000e+00 1.883582000000e+00 7.774706000000e+00  1 1 1   0.00   0.00   0.00  
C  2.376243000000e+00 1.322699000000e+00 6.531148000000e+00  1 1 1   0.00   0.00   0.00  
H  1.965746000000e+00 3.170580000000e-01 6.478910000000e+00  1 1 1   0.00   0.00   0.00  
C  2.588381000000e+00 2.047444000000e+00 5.355940000000e+00  1 1 1   0.00   0.00   0.00  
O  3.409581000000e+00 3.789351000000e+00 9.071716000000e+00  1 1 1   0.00   0.00   0.00  
C  3.088008000000e+00 3.349082000000e+00 5.439127000000e+00  1 1 1   0.00   0.00   0.00  
H  3.246781000000e+00 3.936204000000e+00 4.538858000000e+00  1 1 1   0.00   0.00   0.00  
C  3.373160000000e+00 3.914149000000e+00 6.682407000000e+00  1 1 1   0.00   0.00   0.00  
H  3.751193000000e+00 4.931804000000e+00 6.739180000000e+00  1 1 1   0.00   0.00   0.00  
C  3.168922000000e+00 3.183329000000e+00 7.852552000000e+00  1 1 1   0.00   0.00   0.00  
O  7.485830000000e-01 1.516478000000e+00 3.684148000000e+00  1 1 1   0.00   0.00   0.00  
O  2.725554000000e+00 0.000000000000e+00 3.853695000000e+00  1 1 1   0.00   0.00   0.00  
C  3.717912000000e+00 3.178824000000e+00 3.796247600000e+01  1 1 1   0.00   0.00   0.00  
H  2.194721000000e+00 2.937194000000e+00 1.125004800000e+01  1 1 1   0.00   0.00   0.00  
C  3.269496000000e+00 2.774995000000e+00 1.125247800000e+01  1 1 1   0.00   0.00   0.00  
C  4.019060000000e+00 3.160116000000e+00 1.013926100000e+01  1 1 1   0.00   0.00   0.00  
O  3.235170000000e+00 1.139670000000e-01 1.375620100000e+01  1 1 1   0.00   0.00   0.00  
C  5.396141000000e+00 2.948922000000e+00 1.011912200000e+01  1 1 1   0.00   0.00   0.00  
H  5.982397000000e+00 3.259836000000e+00 9.257330000000e+00  1 1 1   0.00   0.00   0.00  
C  6.020608000000e+00 2.342772000000e+00 1.120693300000e+01  1 1 1   0.00   0.00   0.00  
H  7.094183000000e+00 2.172332000000e+00 1.118837600000e+01  1 1 1   0.00   0.00   0.00  
C  5.269311000000e+00 1.941187000000e+00 1.231144000000e+01  1 1 1   0.00   0.00   0.00  
H  5.760982000000e+00 1.442276000000e+00 1.314305100000e+01  1 1 1   0.00   0.00   0.00  
C  3.889688000000e+00 2.156277000000e+00 1.234495300000e+01  1 1 1   0.00   0.00   0.00  
S  2.927234000000e+00 1.515624000000e+00 1.369112300000e+01  1 1 1   0.00   0.00   0.00  
H  3.053258000000e+00 1.275904000000e+00 1.857012600000e+01  1 1 1   0.00   0.00   0.00  
C  3.336794000000e+00 1.868260000000e+00 1.770407700000e+01  1 1 1   0.00   0.00   0.00  
C  3.041066000000e+00 1.394096000000e+00 1.642719200000e+01  1 1 1   0.00   0.00   0.00  
H  2.516864000000e+00 4.476690000000e-01 1.631958300000e+01  1 1 1   0.00   0.00   0.00  
C  3.397982000000e+00 2.123952000000e+00 1.529042300000e+01  1 1 1   0.00   0.00   0.00  
O  4.309425000000e+00 3.587121000000e+00 1.911779300000e+01  1 1 1   0.00   0.00   0.00  
C  4.060943000000e+00 3.342933000000e+00 1.544905000000e+01  1 1 1   0.00   0.00   0.00  
H  4.336763000000e+00 3.932231000000e+00 1.457850200000e+01  1 1 1   0.00   0.00   0.00  
C  4.362256000000e+00 3.818658000000e+00 1.672857100000e+01  1 1 1   0.00   0.00   0.00  
H  4.879492000000e+00 4.768184000000e+00 1.684308900000e+01  1 1 1   0.00   0.00   0.00  
C  3.991340000000e+00 3.091611000000e+00 1.786181800000e+01  1 1 1   0.00   0.00   0.00  
O  1.566188000000e+00 1.939266000000e+00 1.351644100000e+01  1 1 1   0.00   0.00   0.00  
H  5.775960000000e-01 3.502572000000e+00 2.172616300000e+01  1 1 1   0.00   0.00   0.00  
C  1.628224000000e+00 3.245835000000e+00 2.162318200000e+01  1 1 1   0.00   0.00   0.00  
C  2.302872000000e+00 3.610764000000e+00 2.045764400000e+01  1 1 1   0.00   0.00   0.00  
H  1.778900000000e+00 4.158312000000e+00 1.967814800000e+01  1 1 1   0.00   0.00   0.00  
C  3.640028000000e+00 3.255385000000e+00 2.028259200000e+01  1 1 1   0.00   0.00   0.00  
O  7.112720000000e-01 2.612343000000e+00 3.382946000000e+01  1 1 1   0.00   0.00   0.00  
C  4.307398000000e+00 2.566359000000e+00 2.129490700000e+01  1 1 1   0.00   0.00   0.00  
H  5.351697000000e+00 2.292481000000e+00 2.116620800000e+01  1 1 1   0.00   0.00   0.00  
C  3.627979000000e+00 2.193552000000e+00 2.245642400000e+01  1 1 1   0.00   0.00   0.00  
H  4.146113000000e+00 1.617054000000e+00 2.321896300000e+01  1 1 1   0.00   0.00   0.00  
C  2.281189000000e+00 2.522213000000e+00 2.262788700000e+01  1 1 1   0.00   0.00   0.00  
S  1.375822000000e+00 1.879702000000e+00 2.401598500000e+01  1 1 1   0.00   0.00   0.00  
H  1.658774000000e+00 1.818651000000e+00 2.889934700000e+01  1 1 1   0.00   0.00   0.00  
C  1.880779000000e+00 2.391030000000e+00 2.800213800000e+01  1 1 1   0.00   0.00   0.00  
C  1.594729000000e+00 1.847497000000e+00 2.675077600000e+01  1 1 1   0.00   0.00   0.00  
H  1.150895000000e+00 8.566760000000e-01 2.669104100000e+01  1 1 1   0.00   0.00   0.00  
C  1.843192000000e+00 2.571906000000e+00 2.558097100000e+01  1 1 1   0.00   0.00   0.00  
O  2.649969000000e+00 4.263987000000e+00 2.932664100000e+01  1 1 1   0.00   0.00   0.00  
C  2.372202000000e+00 3.860181000000e+00 2.568043600000e+01  1 1 1   0.00   0.00   0.00  
H  2.549155000000e+00 4.448646000000e+00 2.478413300000e+01  1 1 1   0.00   0.00   0.00  
C  2.652750000000e+00 4.409870000000e+00 2.693381100000e+01  1 1 1   0.00   0.00   0.00  
H  3.050497000000e+00 5.419235000000e+00 2.700509500000e+01  1 1 1   0.00   0.00   0.00  
C  2.413693000000e+00 3.676721000000e+00 2.809693500000e+01  1 1 1   0.00   0.00   0.00  
O  0.000000000000e+00 2.260409000000e+00 2.386077000000e+01  1 1 1   0.00   0.00   0.00  
O  1.732476000000e+00 4.922950000000e-01 2.412530800000e+01  1 1 1   0.00   0.00   0.00  
H  1.342334000000e+00 3.381880000000e+00 3.144961300000e+01  1 1 1   0.00   0.00   0.00  
C  2.413534000000e+00 3.197296000000e+00 3.147701500000e+01  1 1 1   0.00   0.00   0.00  
C  3.207346000000e+00 3.598598000000e+00 3.040106000000e+01  1 1 1   0.00   0.00   0.00  
O  2.075853000000e+00 5.242110000000e-01 3.388178800000e+01  1 1 1   0.00   0.00   0.00  
C  4.581826000000e+00 3.371601000000e+00 3.042671400000e+01  1 1 1   0.00   0.00   0.00  
H  5.203355000000e+00 3.702120000000e+00 2.959798600000e+01  1 1 1   0.00   0.00   0.00  
C  5.160076000000e+00 2.727801000000e+00 3.151851200000e+01  1 1 1   0.00   0.00   0.00  
H  6.232281000000e+00 2.550565000000e+00 3.153798400000e+01  1 1 1   0.00   0.00   0.00  
C  4.364486000000e+00 2.307132000000e+00 3.258310300000e+01  1 1 1   0.00   0.00   0.00  
H  4.821344000000e+00 1.791573000000e+00 3.342482300000e+01  1 1 1   0.00   0.00   0.00  
C  2.988826000000e+00 2.544349000000e+00 3.257392500000e+01  1 1 1   0.00   0.00   0.00  
S  1.986499000000e+00 1.957528000000e+00 3.391181100000e+01  1 1 1   0.00   0.00   0.00  
H  2.855010000000e+00 1.346632000000e+00 3.869839600000e+01  1 1 1   0.00   0.00   0.00  
C  3.009811000000e+00 1.985609000000e+00 3.783339400000e+01  1 1 1   0.00   0.00   0.00  
C  2.492498000000e+00 1.613719000000e+00 3.659340500000e+01  1 1 1   0.00   0.00   0.00  
H  1.932140000000e+00 6.863020000000e-01 3.650733300000e+01  1 1 1   0.00   0.00   0.00  
C  2.679683000000e+00 2.427912000000e+00 3.547284500000e+01  1 1 1   0.00   0.00   0.00  
O  4.219423000000e+00 3.536025000000e+00 3.917897000000e+01  1 1 1   0.00   0.00   0.00  
C  3.379172000000e+00 3.628891000000e+00 3.561236100000e+01  1 1 1   0.00   0.00   0.00  
H  3.517957000000e+00 4.282999000000e+00 3.475576700000e+01  1 1 1   0.00   0.00   0.00  
C  3.901520000000e+00 4.000452000000e+00 3.685193900000e+01  1 1 1   0.00   0.00   0.00  
H  4.447778000000e+00 4.936031000000e+00 3.694679900000e+01  1 1 1   0.00   0.00   0.00  
"  
