description="final.xyz"  
#******** REAL SPACE GRID ********   
wavefunction_grid="56 56 248"  
potential_grid_refinement="2"  
  
#******* CONTROL OPTIONS *******  
start_mode          ="LCAO Start"  
calculation_mode    ="Relax Structure  "  
kohn_sham_solver    ="multigrid"  
subdiag_driver      ="auto"  
#auto: if cuda available, use cusolver, otherwise use lapack for n<128 and scaplack for large system  
cube_rho = "False"  
  
#********* K POINT SETUP *********  
kpoint_mesh = "1 1 1"  
kpoint_is_shift = "0 0 0"  
  
#******* Pseudopotentials *******   
internal_pseudo_type = "sg15"  
#use Optimized Norm-Conserving Vanderbilt (ONCV) pseudopotenitals  
#those pseudopotentials are built in with RMG  
write_pseudopotential_plots ="False"  
  
#*****Exchange Correlation ******  
exchange_correlation_type="AUTO_XC"  
#AUTO_XC: XC will be determined from pseudopotential  
  
#****  LATTICE and ATOMS  ****   
bravais_lattice_type="None"  
crds_units = "Angstrom"  
lattice_units = "Angstrom"  
lattice_vector="  
 8.261093000000e+00  0.000000000000e+00  0.000000000000e+00   
 0.000000000000e+00  8.665935000000e+00  0.000000000000e+00   
 0.000000000000e+00  0.000000000000e+00  3.836142000000e+01   
"  
atomic_coordinate_type = "Absolute"  
atoms="  
H  2.958013000000e+00 -8.528420000000e-01 2.393328000000e+00  1 1 1   0.00   0.00   0.00  
C  3.350314000000e+00 -1.600707000000e+00 3.084062000000e+00  1 1 1   0.00   0.00   0.00  
C  2.949422000000e+00 -2.997893000000e+00 2.944577000000e+00  1 1 1   0.00   0.00   0.00  
H  6.754852000000e+00 -1.958405000000e+00 7.860816000000e+00  1 1 1   0.00   0.00   0.00  
H  4.421653000000e+00 -1.147840000000e-01 4.231112000000e+00  1 1 1   0.00   0.00   0.00  
H  6.890714000000e+00 9.028800000000e-02 6.556407000000e+00  1 1 1   0.00   0.00   0.00  
C  4.178831000000e+00 -1.168390000000e+00 4.136965000000e+00  1 1 1   0.00   0.00   0.00  
C  3.537978000000e+00 -3.958604000000e+00 3.865919000000e+00  1 1 1   0.00   0.00   0.00  
H  3.326033000000e+00 -5.014421000000e+00 3.729449000000e+00  1 1 1   0.00   0.00   0.00  
C  4.641770000000e+00 -2.136653000000e+00 5.127851000000e+00  1 1 1   0.00   0.00   0.00  
C  6.086527000000e+00 -2.493362000000e+00 7.153491000000e+00  1 1 1   0.00   0.00   0.00  
C  4.366166000000e+00 -3.547679000000e+00 4.925501000000e+00  1 1 1   0.00   0.00   0.00  
H  5.439148000000e+00 -3.177434000000e+00 7.746526000000e+00  1 1 1   0.00   0.00   0.00  
C  6.189388000000e+00 -2.962880000000e-01 5.786624000000e+00  1 1 1   0.00   0.00   0.00  
H  6.732523000000e+00 -3.112770000000e+00 6.495228000000e+00  1 1 1   0.00   0.00   0.00  
H  4.769292000000e+00 -4.283769000000e+00 5.621477000000e+00  1 1 1   0.00   0.00   0.00  
C  5.230773000000e+00 -1.478169000000e+00 6.320315000000e+00  1 1 1   0.00   0.00   0.00  
H  6.779081000000e+00 -6.639120000000e-01 4.928581000000e+00  1 1 1   0.00   0.00   0.00  
H  5.589580000000e+00 5.674460000000e-01 5.432214000000e+00  1 1 1   0.00   0.00   0.00  
C  4.125312000000e+00 -8.766770000000e-01 7.127634000000e+00  1 1 1   0.00   0.00   0.00  
H  2.549048000000e+00 -2.263417000000e+00 6.387470000000e+00  1 1 1   0.00   0.00   0.00  
H  5.387124000000e+00 6.437800000000e-01 8.071935000000e+00  1 1 1   0.00   0.00   0.00  
C  2.779838000000e+00 -1.389597000000e+00 7.011488000000e+00  1 1 1   0.00   0.00   0.00  
C  4.372631000000e+00 2.716060000000e-01 7.971443000000e+00  1 1 1   0.00   0.00   0.00  
C  1.736365000000e+00 -7.480460000000e-01 7.730587000000e+00  1 1 1   0.00   0.00   0.00  
C  3.302054000000e+00 9.361760000000e-01 8.624532000000e+00  1 1 1   0.00   0.00   0.00  
H  7.247950000000e-01 -1.161196000000e+00 7.679548000000e+00  1 1 1   0.00   0.00   0.00  
H  3.518990000000e+00 1.846070000000e+00 9.206651000000e+00  1 1 1   0.00   0.00   0.00  
C  1.959318000000e+00 4.468020000000e-01 8.495726000000e+00  1 1 1   0.00   0.00   0.00  
O  7.283950000000e-01 1.076701000000e+00 8.783221000000e+00  1 1 1   0.00   0.00   0.00  
H  2.525213000000e+00 1.335283000000e+00 1.078483600000e+01  1 1 1   0.00   0.00   0.00  
C  5.174510000000e-01 1.676856000000e+00 9.917881000000e+00  1 1 1   0.00   0.00   0.00  
C  1.617692000000e+00 1.935166000000e+00 1.083529600000e+01  1 1 1   0.00   0.00   0.00  
H  -1.685615000000e+00 1.790228000000e+00 9.739569000000e+00  1 1 1   0.00   0.00   0.00  
C  -7.944890000000e-01 2.222413000000e+00 1.019934600000e+01  1 1 1   0.00   0.00   0.00  
C  1.525916000000e+00 2.965165000000e+00 1.178929100000e+01  1 1 1   0.00   0.00   0.00  
H  2.366215000000e+00 3.148311000000e+00 1.245614100000e+01  1 1 1   0.00   0.00   0.00  
C  -9.234900000000e-01 3.280068000000e+00 1.113450600000e+01  1 1 1   0.00   0.00   0.00  
C  3.067640000000e-01 3.739143000000e+00 1.189503200000e+01  1 1 1   0.00   0.00   0.00  
C  -2.137824000000e+00 4.019797000000e+00 1.172341100000e+01  1 1 1   0.00   0.00   0.00  
O  -3.249888000000e+00 3.624372000000e+00 1.160121000000e+01  1 1 1   0.00   0.00   0.00  
C  -1.053130000000e-01 4.879558000000e+00 1.281377600000e+01  1 1 1   0.00   0.00   0.00  
N  -1.613256000000e+00 5.163159000000e+00 1.266326500000e+01  1 1 1   0.00   0.00   0.00  
O  6.448190000000e-01 5.394265000000e+00 1.359311700000e+01  1 1 1   0.00   0.00   0.00  
H  -4.287707000000e+00 4.893314000000e+00 1.339615600000e+01  1 1 1   0.00   0.00   0.00  
C  -2.400008000000e+00 5.925966000000e+00 1.370782800000e+01  1 1 1   0.00   0.00   0.00  
C  -3.772921000000e+00 5.664954000000e+00 1.396563300000e+01  1 1 1   0.00   0.00   0.00  
H  -8.184130000000e-01 7.233465000000e+00 1.432736700000e+01  1 1 1   0.00   0.00   0.00  
C  -1.853868000000e+00 6.948838000000e+00 1.454559100000e+01  1 1 1   0.00   0.00   0.00  
C  -4.517533000000e+00 6.403498000000e+00 1.494264700000e+01  1 1 1   0.00   0.00   0.00  
H  -5.586057000000e+00 6.202084000000e+00 1.505739800000e+01  1 1 1   0.00   0.00   0.00  
C  -2.487974000000e+00 7.641026000000e+00 1.564181600000e+01  1 1 1   0.00   0.00   0.00  
C  -3.885127000000e+00 7.363380000000e+00 1.577394800000e+01  1 1 1   0.00   0.00   0.00  
O  -3.578313000000e+00 9.183975000000e+00 1.820004600000e+01  1 1 1   0.00   0.00   0.00  
N  -1.773674000000e+00 8.500561000000e+00 1.663127300000e+01  1 1 1   0.00   0.00   0.00  
H  -4.490184000000e+00 7.874357000000e+00 1.653393200000e+01  1 1 1   0.00   0.00   0.00  
C  -2.432254000000e+00 9.178053000000e+00 1.787812300000e+01  1 1 1   0.00   0.00   0.00  
O  6.513120000000e-01 8.233217000000e+00 1.615408200000e+01  1 1 1   0.00   0.00   0.00  
C  -2.249920000000e-01 8.751379000000e+00 1.676502400000e+01  1 1 1   0.00   0.00   0.00  
C  -1.317338000000e+00 9.887789000000e+00 1.865071900000e+01  1 1 1   0.00   0.00   0.00  
C  7.490000000000e-04 9.690556000000e+00 1.795891700000e+01  1 1 1   0.00   0.00   0.00  
H  -2.250425000000e+00 1.088133500000e+01 2.039564000000e+01  1 1 1   0.00   0.00   0.00  
C  -1.330993000000e+00 1.069081600000e+01 1.985653000000e+01  1 1 1   0.00   0.00   0.00  
C  1.180333000000e+00 1.036242300000e+01 1.844752000000e+01  1 1 1   0.00   0.00   0.00  
H  2.107187000000e+00 1.026095100000e+01 1.787957000000e+01  1 1 1   0.00   0.00   0.00  
C  -1.051890000000e-01 1.122833700000e+01 2.033620300000e+01  1 1 1   0.00   0.00   0.00  
C  1.138504000000e+00 1.114224100000e+01 1.963550500000e+01  1 1 1   0.00   0.00   0.00  
H  -1.709420000000e-01 1.176732600000e+01 2.128029600000e+01  1 1 1   0.00   0.00   0.00  
H  2.812180000000e+00 9.387707000000e+00 2.019458600000e+01  1 1 1   0.00   0.00   0.00  
O  2.183768000000e+00 1.201552400000e+01 2.010040400000e+01  1 1 1   0.00   0.00   0.00  
C  3.335321000000e+00 1.006323100000e+01 2.088312600000e+01  1 1 1   0.00   0.00   0.00  
C  3.160406000000e+00 1.150816500000e+01 2.078842400000e+01  1 1 1   0.00   0.00   0.00  
H  4.185943000000e+00 8.442121000000e+00 2.194020100000e+01  1 1 1   0.00   0.00   0.00  
H  5.304502000000e+00 7.621159000000e+00 2.344754900000e+01  1 1 1   0.00   0.00   0.00  
H  7.422573000000e+00 1.027467400000e+01 2.528321400000e+01  1 1 1   0.00   0.00   0.00  
C  4.135472000000e+00 9.533238000000e+00 2.190335400000e+01  1 1 1   0.00   0.00   0.00  
C  3.978394000000e+00 1.236275800000e+01 2.164073800000e+01  1 1 1   0.00   0.00   0.00  
H  3.925436000000e+00 1.344596100000e+01 2.152613800000e+01  1 1 1   0.00   0.00   0.00  
C  6.144587000000e+00 8.337969000000e+00 2.356759200000e+01  1 1 1   0.00   0.00   0.00  
C  4.840125000000e+00 1.036583700000e+01 2.287621500000e+01  1 1 1   0.00   0.00   0.00  
C  6.839416000000e+00 1.073184800000e+01 2.445169300000e+01  1 1 1   0.00   0.00   0.00  
H  6.688213000000e+00 8.397585000000e+00 2.260197800000e+01  1 1 1   0.00   0.00   0.00  
C  4.767272000000e+00 1.180538700000e+01 2.265865400000e+01  1 1 1   0.00   0.00   0.00  
H  7.515777000000e+00 1.092012000000e+01 2.360055100000e+01  1 1 1   0.00   0.00   0.00  
H  6.804730000000e+00 7.875522000000e+00 2.433150200000e+01  1 1 1   0.00   0.00   0.00  
H  6.509616000000e+00 1.171905100000e+01 2.486047100000e+01  1 1 1   0.00   0.00   0.00  
C  5.614562000000e+00 9.780263000000e+00 2.402793700000e+01  1 1 1   0.00   0.00   0.00  
H  5.320904000000e+00 1.247376700000e+01 2.331185500000e+01  1 1 1   0.00   0.00   0.00  
C  4.852022000000e+00 9.568734000000e+00 2.529775000000e+01  1 1 1   0.00   0.00   0.00  
H  6.345641000000e+00 8.243283000000e+00 2.625663000000e+01  1 1 1   0.00   0.00   0.00  
H  3.200232000000e+00 1.093892200000e+01 2.480243400000e+01  1 1 1   0.00   0.00   0.00  
C  5.370937000000e+00 8.719840000000e+00 2.636426700000e+01  1 1 1   0.00   0.00   0.00  
C  3.609154000000e+00 1.026606100000e+01 2.555581700000e+01  1 1 1   0.00   0.00   0.00  
C  4.633496000000e+00 8.450532000000e+00 2.753263400000e+01  1 1 1   0.00   0.00   0.00  
C  2.961781000000e+00 1.011542300000e+01 2.680370700000e+01  1 1 1   0.00   0.00   0.00  
H  5.041154000000e+00 7.737845000000e+00 2.823626400000e+01  1 1 1   0.00   0.00   0.00  
H  2.082483000000e+00 1.072758000000e+01 2.700956900000e+01  1 1 1   0.00   0.00   0.00  
C  3.369324000000e+00 9.120233000000e+00 2.778271800000e+01  1 1 1   0.00   0.00   0.00  
O  2.390988000000e+00 8.726089000000e+00 2.861519500000e+01  1 1 1   0.00   0.00   0.00  
H  4.577536000000e+00 7.714924000000e+00 3.001778200000e+01  1 1 1   0.00   0.00   0.00  
C  2.400815000000e+00 7.814109000000e+00 2.960065100000e+01  1 1 1   0.00   0.00   0.00  
C  3.601719000000e+00 7.293175000000e+00 3.023429200000e+01  1 1 1   0.00   0.00   0.00  
H  1.941800000000e-01 7.786204000000e+00 2.956154900000e+01  1 1 1   0.00   0.00   0.00  
C  1.094843000000e+00 7.344761000000e+00 3.000112600000e+01  1 1 1   0.00   0.00   0.00  
C  3.542320000000e+00 6.224241000000e+00 3.114587000000e+01  1 1 1   0.00   0.00   0.00  
H  4.446647000000e+00 5.783756000000e+00 3.158879000000e+01  1 1 1   0.00   0.00   0.00  
C  9.681830000000e-01 6.331197000000e+00 3.098888500000e+01  1 1 1   0.00   0.00   0.00  
C  2.248373000000e+00 5.714157000000e+00 3.152502200000e+01  1 1 1   0.00   0.00   0.00  
C  -2.079320000000e-01 5.672695000000e+00 3.171495900000e+01  1 1 1   0.00   0.00   0.00  
O  -1.351757000000e+00 5.965375000000e+00 3.158504000000e+01  1 1 1   0.00   0.00   0.00  
C  1.952950000000e+00 4.566313000000e+00 3.249156400000e+01  1 1 1   0.00   0.00   0.00  
N  3.835770000000e-01 4.593265000000e+00 3.269162600000e+01  1 1 1   0.00   0.00   0.00  
O  2.770308000000e+00 3.783769000000e+00 3.285161100000e+01  1 1 1   0.00   0.00   0.00  
C  -4.012100000000e-01 3.616120000000e+00 3.349084300000e+01  1 1 1   0.00   0.00   0.00  
H  1.325498000000e+00 2.680442000000e+00 3.439370200000e+01  1 1 1   0.00   0.00   0.00  
H  -2.404489000000e+00 4.162380000000e+00 3.272716800000e+01  1 1 1   0.00   0.00   0.00  
C  2.357110000000e-01 2.737414000000e+00 3.442963800000e+01  1 1 1   0.00   0.00   0.00  
C  -1.839745000000e+00 3.583585000000e+00 3.346265700000e+01  1 1 1   0.00   0.00   0.00  
C  -4.287310000000e-01 1.956537000000e+00 3.542874400000e+01  1 1 1   0.00   0.00   0.00  
C  -2.556219000000e+00 2.800159000000e+00 3.440319700000e+01  1 1 1   0.00   0.00   0.00  
H  -3.656683000000e+00 2.780630000000e+00 3.437149200000e+01  1 1 1   0.00   0.00   0.00  
O  -1.531122000000e+00 1.408350000000e-01 3.792019200000e+01  1 1 1   0.00   0.00   0.00  
C  -1.862898000000e+00 2.044805000000e+00 3.539250800000e+01  1 1 1   0.00   0.00   0.00  
N  2.596370000000e-01 1.079127000000e+00 3.642189600000e+01  1 1 1   0.00   0.00   0.00  
C  -4.043980000000e-01 1.640070000000e-01 3.754389400000e+01  1 1 1   0.00   0.00   0.00  
O  2.643748000000e+00 1.283176000000e+00 3.579960200000e+01  1 1 1   0.00   0.00   0.00  
C  1.778171000000e+00 7.756430000000e-01 3.644788000000e+01  1 1 1   0.00   0.00   0.00  
H  -2.437358000000e+00 1.481682000000e+00 3.612625800000e+01  1 1 1   0.00   0.00   0.00  
C  7.091960000000e-01 -7.024270000000e-01 3.811289000000e+01  1 1 1   0.00   0.00   0.00  
C  2.037884000000e+00 -3.106200000000e-01 3.748818200000e+01  1 1 1   0.00   0.00   0.00  
H  -2.721930000000e-01 -2.074517000000e+00 3.950923800000e+01  1 1 1   0.00   0.00   0.00  
C  6.764510000000e-01 -1.778011000000e+00 3.906825500000e+01  1 1 1   0.00   0.00   0.00  
C  3.246320000000e+00 -9.765960000000e-01 3.788778700000e+01  1 1 1   0.00   0.00   0.00  
H  4.213005000000e+00 -6.924070000000e-01 3.746421500000e+01  1 1 1   0.00   0.00   0.00  
C  1.898011000000e+00 -2.412394000000e+00 3.943268900000e+01  1 1 1   0.00   0.00   0.00  
C  3.155994000000e+00 -2.039464000000e+00 3.882704400000e+01  1 1 1   0.00   0.00   0.00  
O  1.953524000000e+00 -3.303982000000e+00 4.047425600000e+01  1 1 1   0.00   0.00   0.00  
H  4.072221000000e+00 -2.574302000000e+00 3.910546500000e+01  1 1 1   0.00   0.00   0.00  
H  5.778579000000e+00 4.040895000000e+00 2.223111000000e+00  1 1 1   0.00   0.00   0.00  
C  5.991599000000e+00 2.989167000000e+00 2.405989000000e+00  1 1 1   0.00   0.00   0.00  
C  5.100768000000e+00 1.976629000000e+00 1.892994000000e+00  1 1 1   0.00   0.00   0.00  
H  9.107325000000e+00 -1.256261000000e+00 3.443834000000e+00  1 1 1   0.00   0.00   0.00  
H  7.863776000000e+00 3.364667000000e+00 3.437245000000e+00  1 1 1   0.00   0.00   0.00  
H  9.425498000000e+00 1.002533000000e+00 1.672710000000e+00  1 1 1   0.00   0.00   0.00  
C  7.161962000000e+00 2.601059000000e+00 3.097431000000e+00  1 1 1   0.00   0.00   0.00  
C  5.381551000000e+00 5.759440000000e-01 2.124211000000e+00  1 1 1   0.00   0.00   0.00  
H  4.715657000000e+00 -1.835840000000e-01 1.703436000000e+00  1 1 1   0.00   0.00   0.00  
C  7.470905000000e+00 1.189180000000e+00 3.297404000000e+00  1 1 1   0.00   0.00   0.00  
C  9.266427000000e+00 -5.090320000000e-01 4.250157000000e+00  1 1 1   0.00   0.00   0.00  
C  6.561007000000e+00 1.809460000000e-01 2.793480000000e+00  1 1 1   0.00   0.00   0.00  
H  1.034292700000e+01 -5.150250000000e-01 4.484543000000e+00  1 1 1   0.00   0.00   0.00  
C  9.791086000000e+00 1.382246000000e+00 2.657860000000e+00  1 1 1   0.00   0.00   0.00  
H  8.778834000000e+00 -8.504430000000e-01 5.187603000000e+00  1 1 1   0.00   0.00   0.00  
H  6.795493000000e+00 -8.823790000000e-01 2.888801000000e+00  1 1 1   0.00   0.00   0.00  
C  8.835588000000e+00 9.785050000000e-01 3.839057000000e+00  1 1 1   0.00   0.00   0.00  
H  9.901176000000e+00 2.482913000000e+00 2.582190000000e+00  1 1 1   0.00   0.00   0.00  
H  1.081533800000e+01 9.872690000000e-01 2.791990000000e+00  1 1 1   0.00   0.00   0.00  
C  9.146784000000e+00 1.859836000000e+00 5.059859000000e+00  1 1 1   0.00   0.00   0.00  
H  7.131640000000e+00 2.363038000000e+00 5.847823000000e+00  1 1 1   0.00   0.00   0.00  
H  1.132049200000e+01 1.533326000000e+00 4.680994000000e+00  1 1 1   0.00   0.00   0.00  
C  8.207044000000e+00 2.504687000000e+00 5.978074000000e+00  1 1 1   0.00   0.00   0.00  
C  1.058279800000e+01 2.013394000000e+00 5.319949000000e+00  1 1 1   0.00   0.00   0.00  
C  8.654737000000e+00 3.315263000000e+00 7.023304000000e+00  1 1 1   0.00   0.00   0.00  
C  1.106779800000e+01 2.771016000000e+00 6.383522000000e+00  1 1 1   0.00   0.00   0.00  
H  7.929982000000e+00 3.779885000000e+00 7.682932000000e+00  1 1 1   0.00   0.00   0.00  
H  1.214301600000e+01 2.847322000000e+00 6.578661000000e+00  1 1 1   0.00   0.00   0.00  
C  1.008874600000e+01 3.486176000000e+00 7.212737000000e+00  1 1 1   0.00   0.00   0.00  
O  1.077161600000e+01 4.354541000000e+00 7.959004000000e+00  1 1 1   0.00   0.00   0.00  
H  1.245300800000e+01 5.036956000000e+00 9.630836000000e+00  1 1 1   0.00   0.00   0.00  
C  1.033738100000e+01 5.107168000000e+00 8.991977000000e+00  1 1 1   0.00   0.00   0.00  
C  1.148047200000e+01 5.508432000000e+00 9.808240000000e+00  1 1 1   0.00   0.00   0.00  
H  8.183160000000e+00 5.373131000000e+00 8.569277000000e+00  1 1 1   0.00   0.00   0.00  
C  9.028464000000e+00 5.663007000000e+00 9.183965000000e+00  1 1 1   0.00   0.00   0.00  
C  1.135441500000e+01 6.478282000000e+00 1.081637200000e+01  1 1 1   0.00   0.00   0.00  
H  1.222157000000e+01 6.752163000000e+00 1.140515900000e+01  1 1 1   0.00   0.00   0.00  
C  8.872770000000e+00 6.646402000000e+00 1.020246400000e+01  1 1 1   0.00   0.00   0.00  
C  1.004605700000e+01 7.038786000000e+00 1.107761500000e+01  1 1 1   0.00   0.00   0.00  
C  7.614770000000e+00 7.414342000000e+00 1.066037400000e+01  1 1 1   0.00   0.00   0.00  
O  6.619878000000e+00 7.577650000000e+00 1.002516300000e+01  1 1 1   0.00   0.00   0.00  
C  9.546532000000e+00 7.933822000000e+00 1.219830900000e+01  1 1 1   0.00   0.00   0.00  
N  7.986279000000e+00 8.095263000000e+00 1.200294100000e+01  1 1 1   0.00   0.00   0.00  
O  1.022973800000e+01 8.384722000000e+00 1.305957000000e+01  1 1 1   0.00   0.00   0.00  
H  5.196683000000e+00 8.401363000000e+00 1.186230400000e+01  1 1 1   0.00   0.00   0.00  
C  7.100108000000e+00 9.084294000000e+00 1.271176700000e+01  1 1 1   0.00   0.00   0.00  
C  5.677642000000e+00 9.070520000000e+00 1.258539300000e+01  1 1 1   0.00   0.00   0.00  
H  8.711999000000e+00 9.982287000000e+00 1.383513800000e+01  1 1 1   0.00   0.00   0.00  
C  7.625658000000e+00 9.995476000000e+00 1.368125700000e+01  1 1 1   0.00   0.00   0.00  
C  4.864226000000e+00 9.843864000000e+00 1.346415800000e+01  1 1 1   0.00   0.00   0.00  
H  3.782327000000e+00 9.754996000000e+00 1.343997500000e+01  1 1 1   0.00   0.00   0.00  
C  6.862123000000e+00 1.087568100000e+01 1.452573400000e+01  1 1 1   0.00   0.00   0.00  
C  5.446124000000e+00 1.075981200000e+01 1.438921800000e+01  1 1 1   0.00   0.00   0.00  
O  9.958895000000e+00 1.130801800000e+01 1.510215400000e+01  1 1 1   0.00   0.00   0.00  
N  7.544206000000e+00 1.178123800000e+01 1.550319500000e+01  1 1 1   0.00   0.00   0.00  
H  4.780665000000e+00 1.134814000000e+01 1.502562700000e+01  1 1 1   0.00   0.00   0.00  
C  9.094824000000e+00 1.187745200000e+01 1.569072700000e+01  1 1 1   0.00   0.00   0.00  
O  5.714360000000e+00 1.284090100000e+01 1.682995400000e+01  1 1 1   0.00   0.00   0.00  
C  6.870079000000e+00 1.270876000000e+01 1.658280100000e+01  1 1 1   0.00   0.00   0.00  
C  9.343028000000e+00 1.289040000000e+01 1.680587900000e+01  1 1 1   0.00   0.00   0.00  
C  8.015494000000e+00 1.341655300000e+01 1.729829100000e+01  1 1 1   0.00   0.00   0.00  
H  1.154656400000e+01 1.306801900000e+01 1.694104200000e+01  1 1 1   0.00   0.00   0.00  
C  1.058256400000e+01 1.342477700000e+01 1.731694500000e+01  1 1 1   0.00   0.00   0.00  
C  8.024679000000e+00 1.452512800000e+01 1.822265000000e+01  1 1 1   0.00   0.00   0.00  
H  7.087311000000e+00 1.500808000000e+01 1.849723900000e+01  1 1 1   0.00   0.00   0.00  
C  1.050389200000e+01 1.444682600000e+01 1.831345300000e+01  1 1 1   0.00   0.00   0.00  
C  9.252708000000e+00 1.500310000000e+01 1.873625100000e+01  1 1 1   0.00   0.00   0.00  
H  1.144253100000e+01 1.484165000000e+01 1.873126100000e+01  1 1 1   0.00   0.00   0.00  
H  9.398100000000e+00 1.787939200000e+01 2.164580000000e+01  1 1 1   0.00   0.00   0.00  
O  9.255684000000e+00 1.610678600000e+01 1.961062800000e+01  1 1 1   0.00   0.00   0.00  
C  9.230169000000e+00 1.683824700000e+01 2.190264800000e+01  1 1 1   0.00   0.00   0.00  
C  8.939454000000e+00 1.585436300000e+01 2.085283100000e+01  1 1 1   0.00   0.00   0.00  
H  9.572381000000e+00 1.722246600000e+01 2.397307200000e+01  1 1 1   0.00   0.00   0.00  
H  9.163048000000e+00 1.243488000000e+01 2.451586500000e+01  1 1 1   0.00   0.00   0.00  
H  1.119171700000e+01 1.566780100000e+01 2.532222900000e+01  1 1 1   0.00   0.00   0.00  
C  9.335329000000e+00 1.645766300000e+01 2.323412900000e+01  1 1 1   0.00   0.00   0.00  
C  8.557337000000e+00 1.451013000000e+01 2.128202600000e+01  1 1 1   0.00   0.00   0.00  
H  8.209156000000e+00 1.377653600000e+01 2.054767800000e+01  1 1 1   0.00   0.00   0.00  
C  9.705526000000e+00 1.309837000000e+01 2.521953000000e+01  1 1 1   0.00   0.00   0.00  
C  9.121472000000e+00 1.507448100000e+01 2.368048700000e+01  1 1 1   0.00   0.00   0.00  
C  1.025719700000e+01 1.554360300000e+01 2.591294800000e+01  1 1 1   0.00   0.00   0.00  
H  1.078280700000e+01 1.300070200000e+01 2.499287300000e+01  1 1 1   0.00   0.00   0.00  
C  8.708590000000e+00 1.414987800000e+01 2.262045800000e+01  1 1 1   0.00   0.00   0.00  
H  9.870150000000e+00 1.656511900000e+01 2.609987300000e+01  1 1 1   0.00   0.00   0.00  
H  9.504242000000e+00 1.267007200000e+01 2.622568800000e+01  1 1 1   0.00   0.00   0.00  
H  1.055231100000e+01 1.511949000000e+01 2.689852700000e+01  1 1 1   0.00   0.00   0.00  
C  9.206402000000e+00 1.462638500000e+01 2.513594900000e+01  1 1 1   0.00   0.00   0.00  
H  8.472517000000e+00 1.312276900000e+01 2.288781900000e+01  1 1 1   0.00   0.00   0.00  
C  7.868286000000e+00 1.458508700000e+01 2.581298700000e+01  1 1 1   0.00   0.00   0.00  
H  6.705541000000e+00 1.413277800000e+01 2.398122300000e+01  1 1 1   0.00   0.00   0.00  
H  8.535233000000e+00 1.500318600000e+01 2.785420700000e+01  1 1 1   0.00   0.00   0.00  
C  6.668905000000e+00 1.424587200000e+01 2.506083800000e+01  1 1 1   0.00   0.00   0.00  
C  7.688520000000e+00 1.472171200000e+01 2.724833400000e+01  1 1 1   0.00   0.00   0.00  
C  5.424163000000e+00 1.403782600000e+01 2.569311100000e+01  1 1 1   0.00   0.00   0.00  
C  6.452125000000e+00 1.444519400000e+01 2.787619300000e+01  1 1 1   0.00   0.00   0.00  
H  4.575608000000e+00 1.381105900000e+01 2.505728600000e+01  1 1 1   0.00   0.00   0.00  
H  6.405834000000e+00 1.454056200000e+01 2.895614300000e+01  1 1 1   0.00   0.00   0.00  
C  5.279479000000e+00 1.404076300000e+01 2.713456300000e+01  1 1 1   0.00   0.00   0.00  
O  4.062710000000e+00 1.366294700000e+01 2.764864800000e+01  1 1 1   0.00   0.00   0.00  
H  6.063770000000e+00 1.236084800000e+01 2.890199600000e+01  1 1 1   0.00   0.00   0.00  
C  3.917313000000e+00 1.277987900000e+01 2.862473300000e+01  1 1 1   0.00   0.00   0.00  
C  5.067500000000e+00 1.211830200000e+01 2.923643100000e+01  1 1 1   0.00   0.00   0.00  
H  1.705018000000e+00 1.287846500000e+01 2.862344500000e+01  1 1 1   0.00   0.00   0.00  
C  2.590088000000e+00 1.239528500000e+01 2.905820200000e+01  1 1 1   0.00   0.00   0.00  
C  4.952010000000e+00 1.118455900000e+01 3.027580800000e+01  1 1 1   0.00   0.00   0.00  
H  5.846547000000e+00 1.076150500000e+01 3.074073100000e+01  1 1 1   0.00   0.00   0.00  
C  2.419865000000e+00 1.137017100000e+01 3.002914600000e+01  1 1 1   0.00   0.00   0.00  
C  3.636965000000e+00 1.078443000000e+01 3.071018900000e+01  1 1 1   0.00   0.00   0.00  
C  1.170221000000e+00 1.069095600000e+01 3.062347400000e+01  1 1 1   0.00   0.00   0.00  
O  6.771100000000e-02 1.087945900000e+01 3.022875000000e+01  1 1 1   0.00   0.00   0.00  
C  3.196999000000e+00 9.823822000000e+00 3.181911300000e+01  1 1 1   0.00   0.00   0.00  
N  1.661774000000e+00 9.702970000000e+00 3.175198400000e+01  1 1 1   0.00   0.00   0.00  
O  3.946855000000e+00 9.338146000000e+00 3.261255700000e+01  1 1 1   0.00   0.00   0.00  
C  8.706210000000e-01 8.892679000000e+00 3.274647600000e+01  1 1 1   0.00   0.00   0.00  
H  2.617997000000e+00 7.903390000000e+00 3.352066900000e+01  1 1 1   0.00   0.00   0.00  
H  -1.171057000000e+00 9.542833000000e+00 3.224586400000e+01  1 1 1   0.00   0.00   0.00  
C  1.535481000000e+00 7.986455000000e+00 3.363614600000e+01  1 1 1   0.00   0.00   0.00  
C  -5.480710000000e-01 8.906106000000e+00 3.289225300000e+01  1 1 1   0.00   0.00   0.00  
C  9.730470000000e-01 7.111340000000e+00 3.462842200000e+01  1 1 1   0.00   0.00   0.00  
C  -1.182524000000e+00 8.106163000000e+00 3.389176500000e+01  1 1 1   0.00   0.00   0.00  
H  -2.265799000000e+00 8.138758000000e+00 3.397248500000e+01  1 1 1   0.00   0.00   0.00  
O  1.960750000000e-01 4.803283000000e+00 3.667871600000e+01  1 1 1   0.00   0.00   0.00  
C  -4.408370000000e-01 7.277356000000e+00 3.478376800000e+01  1 1 1   0.00   0.00   0.00  
N  1.805565000000e+00 6.062898000000e+00 3.529769900000e+01  1 1 1   0.00   0.00   0.00  
C  1.314079000000e+00 5.105458000000e+00 3.640393300000e+01  1 1 1   0.00   0.00   0.00  
O  4.146092000000e+00 6.318166000000e+00 3.439894700000e+01  1 1 1   0.00   0.00   0.00  
C  3.384097000000e+00 5.876843000000e+00 3.519543000000e+01  1 1 1   0.00   0.00   0.00  
H  -9.770550000000e-01 6.743733000000e+00 3.556707500000e+01  1 1 1   0.00   0.00   0.00  
C  2.573949000000e+00 4.496739000000e+00 3.706010300000e+01  1 1 1   0.00   0.00   0.00  
C  3.816422000000e+00 4.968101000000e+00 3.633456500000e+01  1 1 1   0.00   0.00   0.00  
H  1.805622000000e+00 3.291859000000e+00 3.871551700000e+01  1 1 1   0.00   0.00   0.00  
C  2.700401000000e+00 3.640399000000e+00 3.818783800000e+01  1 1 1   0.00   0.00   0.00  
C  5.123517000000e+00 4.553645000000e+00 3.679871700000e+01  1 1 1   0.00   0.00   0.00  
H  6.022898000000e+00 4.885410000000e+00 3.627899500000e+01  1 1 1   0.00   0.00   0.00  
C  4.017222000000e+00 3.230819000000e+00 3.861223500000e+01  1 1 1   0.00   0.00   0.00  
C  5.206959000000e+00 3.698014000000e+00 3.790538100000e+01  1 1 1   0.00   0.00   0.00  
O  3.969562000000e+00 2.321183000000e+00 3.959310000000e+01  1 1 1   0.00   0.00   0.00  
H  6.200282000000e+00 3.368077000000e+00 3.821709700000e+01  1 1 1   0.00   0.00   0.00  
"  
