description="input.xyz"  
#******** REAL SPACE GRID ********   
wavefunction_grid="56 32 296"  
potential_grid_refinement="2"  
  
#******* CONTROL OPTIONS *******  
start_mode          ="LCAO Start"  
calculation_mode    ="Relax Structure  "  
kohn_sham_solver    ="davidson"  
subdiag_driver      ="auto"  
#auto: if cuda available, use cusolver, otherwise use lapack for n<128 and scaplack for large system  
cube_rho = "True"  
cell_relax = "true"
  
#********* K POINT SETUP *********  
kpoint_mesh = "1 1 1"  
kpoint_is_shift = "0 0 0"  
  
#******* Pseudopotentials *******   
internal_pseudo_type = "sg15"  
#use Optimized Norm-Conserving Vanderbilt (ONCV) pseudopotenitals  
#those pseudopotentials are built in with RMG  
write_pseudopotential_plots ="False"  
  
#*****Exchange Correlation ******  
exchange_correlation_type="AUTO_XC"  
#AUTO_XC: XC will be determined from pseudopotential  
  
#****  LATTICE and ATOMS  ****   
bravais_lattice_type="None"  
crds_units = "Angstrom"  
lattice_units = "Angstrom"  
lattice_vector="  
 8.952027370000e+00  0.000000000000e+00  0.000000000000e+00   
 0.000000000000e+00  4.996090670000e+00  0.000000000000e+00   
 0.000000000000e+00  0.000000000000e+00  4.657811454000e+01   
"  
atomic_coordinate_type = "Absolute"  
atoms="  
C  0.000000000000e+00 2.765284635220e+00 0.000000000000e+00  1 1 1   0.00   0.00   0.00  
C  4.476013686920e+00 2.672407764020e-01 0.000000000000e+00  1 1 1   0.00   0.00   0.00  
C  0.000000000000e+00 1.936857993080e+00 1.293836515600e+00  1 1 1   0.00   0.00   0.00  
C  4.476013686920e+00 -5.611858272000e-01 1.293836515600e+00  1 1 1   0.00   0.00   0.00  
Cl  1.103203406930e+00 3.605243186940e+00 0.000000000000e+00  1 1 1   0.00   0.00   0.00  
F  -1.103203406930e+00 3.605243186940e+00 0.000000000000e+00  1 1 1   0.00   0.00   0.00  
Cl  5.579217160570e+00 1.107199654400e+00 0.000000000000e+00  1 1 1   0.00   0.00   0.00  
F  3.372810213270e+00 1.107199654400e+00 0.000000000000e+00  1 1 1   0.00   0.00   0.00  
H  -8.841476031090e-01 1.288014773240e+00 1.293836515600e+00  1 1 1   0.00   0.00   0.00  
H  8.841476031090e-01 1.288014773240e+00 1.293836515600e+00  1 1 1   0.00   0.00   0.00  
H  3.591866323720e+00 -1.210029468280e+00 1.293836515600e+00  1 1 1   0.00   0.00   0.00  
H  5.360161050120e+00 -1.210029468280e+00 1.293836515600e+00  1 1 1   0.00   0.00   0.00  
C  0.000000000000e+00 2.765284635220e+00 2.587673030000e+00  1 1 1   0.00   0.00   0.00  
C  4.476013686920e+00 2.672407764020e-01 2.587673030000e+00  1 1 1   0.00   0.00   0.00  
C  0.000000000000e+00 1.936857993080e+00 3.881509545600e+00  1 1 1   0.00   0.00   0.00  
C  4.476013686920e+00 -5.611858272000e-01 3.881509545600e+00  1 1 1   0.00   0.00   0.00  
F  1.103203406930e+00 3.605243186940e+00 2.587673030000e+00  1 1 1   0.00   0.00   0.00  
F  -1.103203406930e+00 3.605243186940e+00 2.587673030000e+00  1 1 1   0.00   0.00   0.00  
F  5.579217160570e+00 1.107199654400e+00 2.587673030000e+00  1 1 1   0.00   0.00   0.00  
F  3.372810213270e+00 1.107199654400e+00 2.587673030000e+00  1 1 1   0.00   0.00   0.00  
F  -8.841476031090e-01 1.288014773240e+00 3.881509545600e+00  1 1 1   0.00   0.00   0.00  
H  8.841476031090e-01 1.288014773240e+00 3.881509545600e+00  1 1 1   0.00   0.00   0.00  
F  3.591866323720e+00 -1.210029468280e+00 3.881509545600e+00  1 1 1   0.00   0.00   0.00  
H  5.360161050120e+00 -1.210029468280e+00 3.881509545600e+00  1 1 1   0.00   0.00   0.00  
C  0.000000000000e+00 2.765284635220e+00 5.175346060000e+00  1 1 1   0.00   0.00   0.00  
C  4.476013686920e+00 2.672407764020e-01 5.175346060000e+00  1 1 1   0.00   0.00   0.00  
C  0.000000000000e+00 1.936857993080e+00 6.469182575600e+00  1 1 1   0.00   0.00   0.00  
C  4.476013686920e+00 -5.611858272000e-01 6.469182575600e+00  1 1 1   0.00   0.00   0.00  
F  1.103203406930e+00 3.605243186940e+00 5.175346060000e+00  1 1 1   0.00   0.00   0.00  
F  -1.103203406930e+00 3.605243186940e+00 5.175346060000e+00  1 1 1   0.00   0.00   0.00  
F  5.579217160570e+00 1.107199654400e+00 5.175346060000e+00  1 1 1   0.00   0.00   0.00  
F  3.372810213270e+00 1.107199654400e+00 5.175346060000e+00  1 1 1   0.00   0.00   0.00  
F  -8.841476031090e-01 1.288014773240e+00 6.469182575600e+00  1 1 1   0.00   0.00   0.00  
H  8.841476031090e-01 1.288014773240e+00 6.469182575600e+00  1 1 1   0.00   0.00   0.00  
F  3.591866323720e+00 -1.210029468280e+00 6.469182575600e+00  1 1 1   0.00   0.00   0.00  
H  5.360161050120e+00 -1.210029468280e+00 6.469182575600e+00  1 1 1   0.00   0.00   0.00  
C  0.000000000000e+00 2.765284635220e+00 7.763019090000e+00  1 1 1   0.00   0.00   0.00  
C  4.476013686920e+00 2.672407764020e-01 7.763019090000e+00  1 1 1   0.00   0.00   0.00  
C  0.000000000000e+00 1.936857993080e+00 9.056855605600e+00  1 1 1   0.00   0.00   0.00  
C  4.476013686920e+00 -5.611858272000e-01 9.056855605600e+00  1 1 1   0.00   0.00   0.00  
F  1.103203406930e+00 3.605243186940e+00 7.763019090000e+00  1 1 1   0.00   0.00   0.00  
F  -1.103203406930e+00 3.605243186940e+00 7.763019090000e+00  1 1 1   0.00   0.00   0.00  
F  5.579217160570e+00 1.107199654400e+00 7.763019090000e+00  1 1 1   0.00   0.00   0.00  
F  3.372810213270e+00 1.107199654400e+00 7.763019090000e+00  1 1 1   0.00   0.00   0.00  
F  -8.841476031090e-01 1.288014773240e+00 9.056855605600e+00  1 1 1   0.00   0.00   0.00  
H  8.841476031090e-01 1.288014773240e+00 9.056855605600e+00  1 1 1   0.00   0.00   0.00  
F  3.591866323720e+00 -1.210029468280e+00 9.056855605600e+00  1 1 1   0.00   0.00   0.00  
H  5.360161050120e+00 -1.210029468280e+00 9.056855605600e+00  1 1 1   0.00   0.00   0.00  
C  0.000000000000e+00 2.765284635220e+00 1.035069212000e+01  1 1 1   0.00   0.00   0.00  
C  4.476013686920e+00 2.672407764020e-01 1.035069212000e+01  1 1 1   0.00   0.00   0.00  
C  0.000000000000e+00 1.936857993080e+00 1.164452863560e+01  1 1 1   0.00   0.00   0.00  
C  4.476013686920e+00 -5.611858272000e-01 1.164452863560e+01  1 1 1   0.00   0.00   0.00  
F  1.103203406930e+00 3.605243186940e+00 1.035069212000e+01  1 1 1   0.00   0.00   0.00  
F  -1.103203406930e+00 3.605243186940e+00 1.035069212000e+01  1 1 1   0.00   0.00   0.00  
F  5.579217160570e+00 1.107199654400e+00 1.035069212000e+01  1 1 1   0.00   0.00   0.00  
F  3.372810213270e+00 1.107199654400e+00 1.035069212000e+01  1 1 1   0.00   0.00   0.00  
F  -8.841476031090e-01 1.288014773240e+00 1.164452863560e+01  1 1 1   0.00   0.00   0.00  
H  8.841476031090e-01 1.288014773240e+00 1.164452863560e+01  1 1 1   0.00   0.00   0.00  
F  3.591866323720e+00 -1.210029468280e+00 1.164452863560e+01  1 1 1   0.00   0.00   0.00  
H  5.360161050120e+00 -1.210029468280e+00 1.164452863560e+01  1 1 1   0.00   0.00   0.00  
C  0.000000000000e+00 2.765284635220e+00 1.293836515000e+01  1 1 1   0.00   0.00   0.00  
C  4.476013686920e+00 2.672407764020e-01 1.293836515000e+01  1 1 1   0.00   0.00   0.00  
C  0.000000000000e+00 1.936857993080e+00 1.423220166560e+01  1 1 1   0.00   0.00   0.00  
C  4.476013686920e+00 -5.611858272000e-01 1.423220166560e+01  1 1 1   0.00   0.00   0.00  
F  1.103203406930e+00 3.605243186940e+00 1.293836515000e+01  1 1 1   0.00   0.00   0.00  
F  -1.103203406930e+00 3.605243186940e+00 1.293836515000e+01  1 1 1   0.00   0.00   0.00  
F  5.579217160570e+00 1.107199654400e+00 1.293836515000e+01  1 1 1   0.00   0.00   0.00  
F  3.372810213270e+00 1.107199654400e+00 1.293836515000e+01  1 1 1   0.00   0.00   0.00  
F  -8.841476031090e-01 1.288014773240e+00 1.423220166560e+01  1 1 1   0.00   0.00   0.00  
H  8.841476031090e-01 1.288014773240e+00 1.423220166560e+01  1 1 1   0.00   0.00   0.00  
F  3.591866323720e+00 -1.210029468280e+00 1.423220166560e+01  1 1 1   0.00   0.00   0.00  
H  5.360161050120e+00 -1.210029468280e+00 1.423220166560e+01  1 1 1   0.00   0.00   0.00  
C  0.000000000000e+00 2.765284635220e+00 1.552603818000e+01  1 1 1   0.00   0.00   0.00  
C  4.476013686920e+00 2.672407764020e-01 1.552603818000e+01  1 1 1   0.00   0.00   0.00  
C  0.000000000000e+00 1.936857993080e+00 1.681987469560e+01  1 1 1   0.00   0.00   0.00  
C  4.476013686920e+00 -5.611858272000e-01 1.681987469560e+01  1 1 1   0.00   0.00   0.00  
F  1.103203406930e+00 3.605243186940e+00 1.552603818000e+01  1 1 1   0.00   0.00   0.00  
F  -1.103203406930e+00 3.605243186940e+00 1.552603818000e+01  1 1 1   0.00   0.00   0.00  
F  5.579217160570e+00 1.107199654400e+00 1.552603818000e+01  1 1 1   0.00   0.00   0.00  
F  3.372810213270e+00 1.107199654400e+00 1.552603818000e+01  1 1 1   0.00   0.00   0.00  
H  8.841476031090e-01 1.288014773240e+00 1.681987469560e+01  1 1 1   0.00   0.00   0.00  
H  -8.841476031090e-01 1.288014773240e+00 1.681987469560e+01  1 1 1   0.00   0.00   0.00  
H  3.591866323720e+00 -1.210029468280e+00 1.681987469560e+01  1 1 1   0.00   0.00   0.00  
H  5.360161050120e+00 -1.210029468280e+00 1.681987469560e+01  1 1 1   0.00   0.00   0.00  
C  0.000000000000e+00 2.765284635220e+00 1.811371121000e+01  1 1 1   0.00   0.00   0.00  
C  4.476013686920e+00 2.672407764020e-01 1.811371121000e+01  1 1 1   0.00   0.00   0.00  
C  0.000000000000e+00 1.936857993080e+00 1.940754772560e+01  1 1 1   0.00   0.00   0.00  
C  4.476013686920e+00 -5.611858272000e-01 1.940754772560e+01  1 1 1   0.00   0.00   0.00  
F  1.103203406930e+00 3.605243186940e+00 1.811371121000e+01  1 1 1   0.00   0.00   0.00  
F  -1.103203406930e+00 3.605243186940e+00 1.811371121000e+01  1 1 1   0.00   0.00   0.00  
F  5.579217160570e+00 1.107199654400e+00 1.811371121000e+01  1 1 1   0.00   0.00   0.00  
F  3.372810213270e+00 1.107199654400e+00 1.811371121000e+01  1 1 1   0.00   0.00   0.00  
H  8.841476031090e-01 1.288014773240e+00 1.940754772560e+01  1 1 1   0.00   0.00   0.00  
H  -8.841476031090e-01 1.288014773240e+00 1.940754772560e+01  1 1 1   0.00   0.00   0.00  
H  3.591866323720e+00 -1.210029468280e+00 1.940754772560e+01  1 1 1   0.00   0.00   0.00  
H  5.360161050120e+00 -1.210029468280e+00 1.940754772560e+01  1 1 1   0.00   0.00   0.00  
C  0.000000000000e+00 2.765284635220e+00 2.070138424000e+01  1 1 1   0.00   0.00   0.00  
C  4.476013686920e+00 2.672407764020e-01 2.070138424000e+01  1 1 1   0.00   0.00   0.00  
C  0.000000000000e+00 1.936857993080e+00 2.199522075560e+01  1 1 1   0.00   0.00   0.00  
C  4.476013686920e+00 -5.611858272000e-01 2.199522075560e+01  1 1 1   0.00   0.00   0.00  
F  1.103203406930e+00 3.605243186940e+00 2.070138424000e+01  1 1 1   0.00   0.00   0.00  
F  -1.103203406930e+00 3.605243186940e+00 2.070138424000e+01  1 1 1   0.00   0.00   0.00  
F  5.579217160570e+00 1.107199654400e+00 2.070138424000e+01  1 1 1   0.00   0.00   0.00  
F  3.372810213270e+00 1.107199654400e+00 2.070138424000e+01  1 1 1   0.00   0.00   0.00  
H  8.841476031090e-01 1.288014773240e+00 2.199522075560e+01  1 1 1   0.00   0.00   0.00  
H  -8.841476031090e-01 1.288014773240e+00 2.199522075560e+01  1 1 1   0.00   0.00   0.00  
H  3.591866323720e+00 -1.210029468280e+00 2.199522075560e+01  1 1 1   0.00   0.00   0.00  
H  5.360161050120e+00 -1.210029468280e+00 2.199522075560e+01  1 1 1   0.00   0.00   0.00  
C  0.000000000000e+00 2.765284635220e+00 2.328905727000e+01  1 1 1   0.00   0.00   0.00  
C  4.476013686920e+00 2.672407764020e-01 2.328905727000e+01  1 1 1   0.00   0.00   0.00  
C  0.000000000000e+00 1.936857993080e+00 2.458289378560e+01  1 1 1   0.00   0.00   0.00  
C  4.476013686920e+00 -5.611858272000e-01 2.458289378560e+01  1 1 1   0.00   0.00   0.00  
F  1.103203406930e+00 3.605243186940e+00 2.328905727000e+01  1 1 1   0.00   0.00   0.00  
F  -1.103203406930e+00 3.605243186940e+00 2.328905727000e+01  1 1 1   0.00   0.00   0.00  
F  5.579217160570e+00 1.107199654400e+00 2.328905727000e+01  1 1 1   0.00   0.00   0.00  
F  3.372810213270e+00 1.107199654400e+00 2.328905727000e+01  1 1 1   0.00   0.00   0.00  
H  8.841476031090e-01 1.288014773240e+00 2.458289378560e+01  1 1 1   0.00   0.00   0.00  
H  -8.841476031090e-01 1.288014773240e+00 2.458289378560e+01  1 1 1   0.00   0.00   0.00  
H  3.591866323720e+00 -1.210029468280e+00 2.458289378560e+01  1 1 1   0.00   0.00   0.00  
H  5.360161050120e+00 -1.210029468280e+00 2.458289378560e+01  1 1 1   0.00   0.00   0.00  
C  0.000000000000e+00 2.765284635220e+00 2.587673030000e+01  1 1 1   0.00   0.00   0.00  
C  4.476013686920e+00 2.672407764020e-01 2.587673030000e+01  1 1 1   0.00   0.00   0.00  
C  0.000000000000e+00 1.936857993080e+00 2.717056681560e+01  1 1 1   0.00   0.00   0.00  
C  4.476013686920e+00 -5.611858272000e-01 2.717056681560e+01  1 1 1   0.00   0.00   0.00  
F  1.103203406930e+00 3.605243186940e+00 2.587673030000e+01  1 1 1   0.00   0.00   0.00  
F  -1.103203406930e+00 3.605243186940e+00 2.587673030000e+01  1 1 1   0.00   0.00   0.00  
F  5.579217160570e+00 1.107199654400e+00 2.587673030000e+01  1 1 1   0.00   0.00   0.00  
F  3.372810213270e+00 1.107199654400e+00 2.587673030000e+01  1 1 1   0.00   0.00   0.00  
H  8.841476031090e-01 1.288014773240e+00 2.717056681560e+01  1 1 1   0.00   0.00   0.00  
H  -8.841476031090e-01 1.288014773240e+00 2.717056681560e+01  1 1 1   0.00   0.00   0.00  
H  3.591866323720e+00 -1.210029468280e+00 2.717056681560e+01  1 1 1   0.00   0.00   0.00  
H  5.360161050120e+00 -1.210029468280e+00 2.717056681560e+01  1 1 1   0.00   0.00   0.00  
C  0.000000000000e+00 2.765284635220e+00 2.846440333000e+01  1 1 1   0.00   0.00   0.00  
C  4.476013686920e+00 2.672407764020e-01 2.846440333000e+01  1 1 1   0.00   0.00   0.00  
C  0.000000000000e+00 1.936857993080e+00 2.975823984560e+01  1 1 1   0.00   0.00   0.00  
C  4.476013686920e+00 -5.611858272000e-01 2.975823984560e+01  1 1 1   0.00   0.00   0.00  
F  1.103203406930e+00 3.605243186940e+00 2.846440333000e+01  1 1 1   0.00   0.00   0.00  
F  -1.103203406930e+00 3.605243186940e+00 2.846440333000e+01  1 1 1   0.00   0.00   0.00  
F  5.579217160570e+00 1.107199654400e+00 2.846440333000e+01  1 1 1   0.00   0.00   0.00  
F  3.372810213270e+00 1.107199654400e+00 2.846440333000e+01  1 1 1   0.00   0.00   0.00  
H  8.841476031090e-01 1.288014773240e+00 2.975823984560e+01  1 1 1   0.00   0.00   0.00  
H  -8.841476031090e-01 1.288014773240e+00 2.975823984560e+01  1 1 1   0.00   0.00   0.00  
H  3.591866323720e+00 -1.210029468280e+00 2.975823984560e+01  1 1 1   0.00   0.00   0.00  
H  5.360161050120e+00 -1.210029468280e+00 2.975823984560e+01  1 1 1   0.00   0.00   0.00  
C  0.000000000000e+00 2.765284635220e+00 3.105207636000e+01  1 1 1   0.00   0.00   0.00  
C  4.476013686920e+00 2.672407764020e-01 3.105207636000e+01  1 1 1   0.00   0.00   0.00  
C  0.000000000000e+00 1.936857993080e+00 3.234591287560e+01  1 1 1   0.00   0.00   0.00  
C  4.476013686920e+00 -5.611858272000e-01 3.234591287560e+01  1 1 1   0.00   0.00   0.00  
F  1.103203406930e+00 3.605243186940e+00 3.105207636000e+01  1 1 1   0.00   0.00   0.00  
F  -1.103203406930e+00 3.605243186940e+00 3.105207636000e+01  1 1 1   0.00   0.00   0.00  
F  5.579217160570e+00 1.107199654400e+00 3.105207636000e+01  1 1 1   0.00   0.00   0.00  
F  3.372810213270e+00 1.107199654400e+00 3.105207636000e+01  1 1 1   0.00   0.00   0.00  
H  8.841476031090e-01 1.288014773240e+00 3.234591287560e+01  1 1 1   0.00   0.00   0.00  
H  -8.841476031090e-01 1.288014773240e+00 3.234591287560e+01  1 1 1   0.00   0.00   0.00  
H  3.591866323720e+00 -1.210029468280e+00 3.234591287560e+01  1 1 1   0.00   0.00   0.00  
H  5.360161050120e+00 -1.210029468280e+00 3.234591287560e+01  1 1 1   0.00   0.00   0.00  
C  0.000000000000e+00 2.765284635220e+00 3.363974939000e+01  1 1 1   0.00   0.00   0.00  
C  4.476013686920e+00 2.672407764020e-01 3.363974939000e+01  1 1 1   0.00   0.00   0.00  
C  0.000000000000e+00 1.936857993080e+00 3.493358590560e+01  1 1 1   0.00   0.00   0.00  
C  4.476013686920e+00 -5.611858272000e-01 3.493358590560e+01  1 1 1   0.00   0.00   0.00  
F  1.103203406930e+00 3.605243186940e+00 3.363974939000e+01  1 1 1   0.00   0.00   0.00  
F  -1.103203406930e+00 3.605243186940e+00 3.363974939000e+01  1 1 1   0.00   0.00   0.00  
F  5.579217160570e+00 1.107199654400e+00 3.363974939000e+01  1 1 1   0.00   0.00   0.00  
F  3.372810213270e+00 1.107199654400e+00 3.363974939000e+01  1 1 1   0.00   0.00   0.00  
H  8.841476031090e-01 1.288014773240e+00 3.493358590560e+01  1 1 1   0.00   0.00   0.00  
H  -8.841476031090e-01 1.288014773240e+00 3.493358590560e+01  1 1 1   0.00   0.00   0.00  
H  3.591866323720e+00 -1.210029468280e+00 3.493358590560e+01  1 1 1   0.00   0.00   0.00  
H  5.360161050120e+00 -1.210029468280e+00 3.493358590560e+01  1 1 1   0.00   0.00   0.00  
C  0.000000000000e+00 2.765284635220e+00 3.622742242000e+01  1 1 1   0.00   0.00   0.00  
C  4.476013686920e+00 2.672407764020e-01 3.622742242000e+01  1 1 1   0.00   0.00   0.00  
C  0.000000000000e+00 1.936857993080e+00 3.752125893560e+01  1 1 1   0.00   0.00   0.00  
C  4.476013686920e+00 -5.611858272000e-01 3.752125893560e+01  1 1 1   0.00   0.00   0.00  
F  1.103203406930e+00 3.605243186940e+00 3.622742242000e+01  1 1 1   0.00   0.00   0.00  
F  -1.103203406930e+00 3.605243186940e+00 3.622742242000e+01  1 1 1   0.00   0.00   0.00  
F  5.579217160570e+00 1.107199654400e+00 3.622742242000e+01  1 1 1   0.00   0.00   0.00  
F  3.372810213270e+00 1.107199654400e+00 3.622742242000e+01  1 1 1   0.00   0.00   0.00  
H  8.841476031090e-01 1.288014773240e+00 3.752125893560e+01  1 1 1   0.00   0.00   0.00  
H  -8.841476031090e-01 1.288014773240e+00 3.752125893560e+01  1 1 1   0.00   0.00   0.00  
H  3.591866323720e+00 -1.210029468280e+00 3.752125893560e+01  1 1 1   0.00   0.00   0.00  
H  5.360161050120e+00 -1.210029468280e+00 3.752125893560e+01  1 1 1   0.00   0.00   0.00  
C  0.000000000000e+00 2.765284635220e+00 3.881509545000e+01  1 1 1   0.00   0.00   0.00  
C  4.476013686920e+00 2.672407764020e-01 3.881509545000e+01  1 1 1   0.00   0.00   0.00  
C  0.000000000000e+00 1.936857993080e+00 4.010893196560e+01  1 1 1   0.00   0.00   0.00  
C  4.476013686920e+00 -5.611858272000e-01 4.010893196560e+01  1 1 1   0.00   0.00   0.00  
F  1.103203406930e+00 3.605243186940e+00 3.881509545000e+01  1 1 1   0.00   0.00   0.00  
F  -1.103203406930e+00 3.605243186940e+00 3.881509545000e+01  1 1 1   0.00   0.00   0.00  
F  5.579217160570e+00 1.107199654400e+00 3.881509545000e+01  1 1 1   0.00   0.00   0.00  
F  3.372810213270e+00 1.107199654400e+00 3.881509545000e+01  1 1 1   0.00   0.00   0.00  
H  8.841476031090e-01 1.288014773240e+00 4.010893196560e+01  1 1 1   0.00   0.00   0.00  
H  -8.841476031090e-01 1.288014773240e+00 4.010893196560e+01  1 1 1   0.00   0.00   0.00  
H  3.591866323720e+00 -1.210029468280e+00 4.010893196560e+01  1 1 1   0.00   0.00   0.00  
H  5.360161050120e+00 -1.210029468280e+00 4.010893196560e+01  1 1 1   0.00   0.00   0.00  
C  0.000000000000e+00 2.765284635220e+00 4.140276848000e+01  1 1 1   0.00   0.00   0.00  
C  4.476013686920e+00 2.672407764020e-01 4.140276848000e+01  1 1 1   0.00   0.00   0.00  
C  0.000000000000e+00 1.936857993080e+00 4.269660499560e+01  1 1 1   0.00   0.00   0.00  
C  4.476013686920e+00 -5.611858272000e-01 4.269660499560e+01  1 1 1   0.00   0.00   0.00  
F  1.103203406930e+00 3.605243186940e+00 4.140276848000e+01  1 1 1   0.00   0.00   0.00  
F  -1.103203406930e+00 3.605243186940e+00 4.140276848000e+01  1 1 1   0.00   0.00   0.00  
F  5.579217160570e+00 1.107199654400e+00 4.140276848000e+01  1 1 1   0.00   0.00   0.00  
F  3.372810213270e+00 1.107199654400e+00 4.140276848000e+01  1 1 1   0.00   0.00   0.00  
H  8.841476031090e-01 1.288014773240e+00 4.269660499560e+01  1 1 1   0.00   0.00   0.00  
H  -8.841476031090e-01 1.288014773240e+00 4.269660499560e+01  1 1 1   0.00   0.00   0.00  
H  3.591866323720e+00 -1.210029468280e+00 4.269660499560e+01  1 1 1   0.00   0.00   0.00  
H  5.360161050120e+00 -1.210029468280e+00 4.269660499560e+01  1 1 1   0.00   0.00   0.00  
C  0.000000000000e+00 2.765284635220e+00 4.399044151000e+01  1 1 1   0.00   0.00   0.00  
C  4.476013686920e+00 2.672407764020e-01 4.399044151000e+01  1 1 1   0.00   0.00   0.00  
C  0.000000000000e+00 1.936857993080e+00 4.528427802560e+01  1 1 1   0.00   0.00   0.00  
C  4.476013686920e+00 -5.611858272000e-01 4.528427802560e+01  1 1 1   0.00   0.00   0.00  
F  1.103203406930e+00 3.605243186940e+00 4.399044151000e+01  1 1 1   0.00   0.00   0.00  
F  -1.103203406930e+00 3.605243186940e+00 4.399044151000e+01  1 1 1   0.00   0.00   0.00  
F  5.579217160570e+00 1.107199654400e+00 4.399044151000e+01  1 1 1   0.00   0.00   0.00  
F  3.372810213270e+00 1.107199654400e+00 4.399044151000e+01  1 1 1   0.00   0.00   0.00  
H  8.841476031090e-01 1.288014773240e+00 4.528427802560e+01  1 1 1   0.00   0.00   0.00  
H  -8.841476031090e-01 1.288014773240e+00 4.528427802560e+01  1 1 1   0.00   0.00   0.00  
H  3.591866323720e+00 -1.210029468280e+00 4.528427802560e+01  1 1 1   0.00   0.00   0.00  
H  5.360161050120e+00 -1.210029468280e+00 4.528427802560e+01  1 1 1   0.00   0.00   0.00  
"
