description="input.xyz"  
#******** REAL SPACE GRID ********   
wavefunction_grid="48 96 160"  
potential_grid_refinement="2"  
  
#******* CONTROL OPTIONS *******  
start_mode          ="LCAO Start"  
calculation_mode    ="Quench Electrons  "  
kohn_sham_solver    ="davidson"  
subdiag_driver      ="auto"  
#auto: if cuda available, use cusolver, otherwise use lapack for n<128 and scaplack for large system  
cube_rho = "True"  
  
#********* K POINT SETUP *********  
kpoint_mesh = "1 1 1"  
kpoint_is_shift = "0 0 0"  
  
#******* Pseudopotentials *******   
internal_pseudo_type = "sg15"  
#use Optimized Norm-Conserving Vanderbilt (ONCV) pseudopotenitals  
#those pseudopotentials are built in with RMG  
write_pseudopotential_plots ="False"  
  
#*****Exchange Correlation ******  
exchange_correlation_type="AUTO_XC"  
#AUTO_XC: XC will be determined from pseudopotential  
  
#****  LATTICE and ATOMS  ****   
bravais_lattice_type="None"  
crds_units = "Angstrom"  
lattice_units = "Angstrom"  
lattice_vector="  
 8.321999549900e+00  0.000000000000e+00  0.000000000000e+00   
 0.000000000000e+00  1.636800003060e+01  0.000000000000e+00   
 0.000000000000e+00  0.000000000000e+00  2.765999984740e+01   
"  
atomic_coordinate_type = "Absolute"  
atoms="  
H  8.055498  0.928876  19.154053
C  8.133052  1.697683  18.415521
C  8.167867  2.856273  19.323167
F  7.072978  2.744400  20.165333
F  9.289859  2.734478  20.129958
H  7.246260  1.696945  17.776355
H  9.048285  1.602296  17.825350
C  8.148902  4.137759  18.558372
C  8.173013  5.346723  19.429729
F  7.097933  5.307073  20.294877
F  9.313758  5.310551  20.202589
H  7.246232  4.148225  17.935874
H  9.015951  4.151217  17.887850
C  8.139565  6.596851  18.585474
C  8.166683  7.842017  19.422600
F  7.093491  7.838389  20.290184
F  9.310920  7.838313  20.191707
H  7.232540  6.590243  17.970657
H  9.005267  6.595545  17.912562
C  8.136061  9.088567  18.578579
C  8.169182  10.334108  19.424706
F  7.099884  10.353940  20.298079
F  9.316439  10.352274  20.187096
H  7.231234  9.090730  17.959716
H  9.003018  9.089274  17.905263
C  8.136394  11.574044  18.590425
C  8.169867  12.817875  19.436790
F  7.090598  12.882033  20.296369
F  9.305073  12.859461  20.220913
H  7.228343  11.585770  17.976830
H  9.001024  11.583587  17.916321
C  8.155607  14.012166  18.559427
C  8.184383  15.294391  19.295620
F  7.083057  15.510905  20.095724
F  9.291487  15.493872  20.088459
H  7.253708  14.013999  17.933380
H  9.022581  13.997212  17.888313
H  8.193627  16.032519  18.508739
Pb  4.227515572260e+00 8.113533360890e+00 1.408086733360e+01  1 1 1   0.00   0.00   0.00  
Pb  6.419479429540e-02 8.113622346200e+00 -2.500000000000e-01  1 1 1   0.00   0.00   0.00  
Pb  4.091878653790e+00 4.021845491520e+00 -2.500000000000e-01  1 1 1   0.00   0.00   0.00  
Pb  8.255194052130e+00 4.021831483870e+00 1.408074834560e+01  1 1 1   0.00   0.00   0.00  
N  3.530731469580e+00 3.498646912870e+00 1.137412424900e+01  1 1 1   0.00   0.00   0.00  
N  7.691644454170e+00 3.498567131560e+00 2.455852433530e+00  1 1 1   0.00   0.00   0.00  
N  4.791233302590e+00 7.590331450750e+00 2.455993302930e+00  1 1 1   0.00   0.00   0.00  
N  6.300908014650e-01 7.590562371960e+00 1.137434706140e+01  1 1 1   0.00   0.00   0.00  
H  3.667317330700e+00 2.486793266000e+00 1.112744178760e+01  1 1 1   0.00   0.00   0.00  
H  7.828161840400e+00 2.486688523820e+00 2.702698618400e+00  1 1 1   0.00   0.00   0.00  
H  4.654554991490e+00 6.578502984420e+00 2.702650352920e+00  1 1 1   0.00   0.00   0.00  
H  4.935637219080e-01 6.578549983810e+00 1.112784110650e+01  1 1 1   0.00   0.00   0.00  
H  3.649290881290e+00 3.573384863400e+00 1.239466083620e+01  1 1 1   0.00   0.00   0.00  
H  7.810181668650e+00 3.573280849980e+00 1.435285024580e+00  1 1 1   0.00   0.00   0.00  
H  4.672840749200e+00 7.665003074020e+00 1.435410141410e+00  1 1 1   0.00   0.00   0.00  
H  5.115563668330e-01 7.665476700880e+00 1.239485682510e+01  1 1 1   0.00   0.00   0.00  
H  2.530986720430e+00 3.749220034750e+00 1.116770954230e+01  1 1 1   0.00   0.00   0.00  
H  6.691958626880e+00 3.749192353930e+00 2.662298399830e+00  1 1 1   0.00   0.00   0.00  
H  5.790715829780e+00 7.841282046390e+00 2.662747327120e+00  1 1 1   0.00   0.00   0.00  
H  1.629626874920e+00 7.841402388740e+00 1.116777957610e+01  1 1 1   0.00   0.00   0.00  
H  4.307454578600e+00 5.418843257100e+00 1.103808175320e+01  1 1 1   0.00   0.00   0.00  
H  1.467752426110e-01 5.418602515340e+00 2.791615589930e+00  1 1 1   0.00   0.00   0.00  
H  4.014193124770e+00 1.326503509070e+00 2.791477704490e+00  1 1 1   0.00   0.00   0.00  
H  8.175302956160e+00 1.326679142780e+00 1.103804062770e+01  1 1 1   0.00   0.00   0.00  
H  5.504700955060e+00 4.098939364280e+00 1.097655406180e+01  1 1 1   0.00   0.00   0.00  
H  1.343731314240e+00 4.098591103320e+00 2.853819835970e+00  1 1 1   0.00   0.00   0.00  
H  2.817147167260e+00 6.532700696090e-03 2.853669720530e+00  1 1 1   0.00   0.00   0.00  
H  6.978037721090e+00 6.977745909050e-03 1.097674063440e+01  1 1 1   0.00   0.00   0.00  
H  3.259822221510e+00 4.580328305160e+00 8.926588472770e+00  1 1 1   0.00   0.00   0.00  
H  7.420522980750e+00 4.582094606170e+00 4.902876870510e+00  1 1 1   0.00   0.00   0.00  
H  5.062085476070e+00 4.902512912050e-01 4.902905456900e+00  1 1 1   0.00   0.00   0.00  
H  9.007127263380e-01 4.882872233100e-01 8.926676108060e+00  1 1 1   0.00   0.00   0.00  
H  4.422346259940e+00 3.252165542350e+00 8.852861647990e+00  1 1 1   0.00   0.00   0.00  
H  2.594857452160e-01 3.252406602720e+00 4.977270169280e+00  1 1 1   0.00   0.00   0.00  
H  3.901130791730e+00 7.344059517250e+00 4.977239371500e+00  1 1 1   0.00   0.00   0.00  
H  8.060223106620e+00 7.343735002590e+00 8.853022274870e+00  1 1 1   0.00   0.00   0.00  
H  5.101746808700e+00 6.237393381070e+00 8.713915620780e+00  1 1 1   0.00   0.00   0.00  
H  9.424674613740e-01 6.236991507070e+00 5.116533198340e+00  1 1 1   0.00   0.00   0.00  
H  3.217733629240e+00 2.144744124590e+00 5.115785477730e+00  1 1 1   0.00   0.00   0.00  
H  7.379081532200e+00 2.145159241950e+00 8.715086352650e+00  1 1 1   0.00   0.00   0.00  
H  6.291239060480e+00 4.939473609540e+00 8.670153094750e+00  1 1 1   0.00   0.00   0.00  
H  2.130667137610e+00 4.935705612760e+00 5.160268707060e+00  1 1 1   0.00   0.00   0.00  
H  2.029723392470e+00 8.447705584720e-01 5.160380345650e+00  1 1 1   0.00   0.00   0.00  
H  6.191395543520e+00 8.451573269140e-01 8.669080733300e+00  1 1 1   0.00   0.00   0.00  
H  5.648333034770e+00 5.815649685320e+00 6.344467450570e+00  1 1 1   0.00   0.00   0.00  
H  1.489202356730e+00 5.812647847000e+00 7.486221017230e+00  1 1 1   0.00   0.00   0.00  
H  2.673983823630e+00 1.722091658960e+00 7.485494452130e+00  1 1 1   0.00   0.00   0.00  
H  6.836267746520e+00 1.723549069960e+00 6.344450463360e+00  1 1 1   0.00   0.00   0.00  
H  5.364454912310e+00 4.078320059110e+00 6.528779905310e+00  1 1 1   0.00   0.00   0.00  
H  1.202094844800e+00 4.075827733480e+00 7.300161112130e+00  1 1 1   0.00   0.00   0.00  
H  2.957991175430e+00 8.169954431330e+00 7.301716687610e+00  1 1 1   0.00   0.00   0.00  
H  7.115703181440e+00 8.171523312800e+00 6.528136054880e+00  1 1 1   0.00   0.00   0.00  
H  4.012148237550e+00 5.210324905520e+00 6.609084984940e+00  1 1 1   0.00   0.00   0.00  
H  8.171827427620e+00 5.209090901290e+00 7.220439133780e+00  1 1 1   0.00   0.00   0.00  
H  4.312936544680e+00 1.114629464330e+00 7.218024046760e+00  1 1 1   0.00   0.00   0.00  
H  1.525537446620e-01 1.109767999040e+00 6.612370418350e+00  1 1 1   0.00   0.00   0.00  
C  4.488494799060e+00 4.394289144380e+00 1.067374266830e+01  1 1 1   0.00   0.00   0.00  
C  3.273650518160e-01 4.394202743780e+00 3.156264288610e+00  1 1 1   0.00   0.00   0.00  
C  3.833500476280e+00 3.021035615220e-01 3.156192114350e+00  1 1 1   0.00   0.00   0.00  
C  7.994321084770e+00 3.021406458990e-01 1.067384178550e+01  1 1 1   0.00   0.00   0.00  
C  4.295576558760e+00 4.298519016330e+00 9.173241278530e+00  1 1 1   0.00   0.00   0.00  
C  1.340167346690e-01 4.298820330730e+00 4.656630512060e+00  1 1 1   0.00   0.00   0.00  
C  4.026667635250e+00 2.067443391040e-01 4.656542963080e+00  1 1 1   0.00   0.00   0.00  
C  8.187000691890e+00 2.061691442850e-01 9.173436635500e+00  1 1 1   0.00   0.00   0.00  
C  5.256746699080e+00 5.195537592970e+00 8.398232752640e+00  1 1 1   0.00   0.00   0.00  
C  1.096350313790e+00 5.194468496350e+00 5.431844011400e+00  1 1 1   0.00   0.00   0.00  
C  3.064539056120e+00 1.102601994020e+00 5.431764302850e+00  1 1 1   0.00   0.00   0.00  
C  7.225811321210e+00 1.103044067880e+00 8.398258094060e+00  1 1 1   0.00   0.00   0.00  
C  5.061786293000e+00 5.068633450390e+00 6.891867115320e+00  1 1 1   0.00   0.00   0.00  
C  9.010750230740e-01 5.067076325230e+00 6.938192068270e+00  1 1 1   0.00   0.00   0.00  
C  3.260995497720e+00 9.759012799200e-01 6.937810682350e+00  1 1 1   0.00   0.00   0.00  
C  7.421746249180e+00 9.765515798890e-01 6.892086263260e+00  1 1 1   0.00   0.00   0.00  
Br  2.552900940800e+00 5.714901066670e+00 1.383118003330e+01  1 1 1   0.00   0.00   0.00  
Br  5.822157661070e+00 2.476286126600e+00 1.364049924770e+01  1 1 1   0.00   0.00   0.00  
Br  1.661112819870e+00 2.476251552870e+00 1.896433078440e-01  1 1 1   0.00   0.00   0.00  
Br  6.714128633490e+00 5.714844342180e+00 0.000000000000e+00  1 1 1   0.00   0.00   0.00  
Br  5.769314876360e+00 1.622904199690e+00 0.000000000000e+00  1 1 1   0.00   0.00   0.00  
Br  2.499847539890e+00 6.568254626360e+00 1.893259010330e-01  1 1 1   0.00   0.00   0.00  
Br  6.660838251600e+00 6.568232397530e+00 1.364054013930e+01  1 1 1   0.00   0.00   0.00  
Br  1.608109264200e+00 1.622904951980e+00 1.383121059200e+01  1 1 1   0.00   0.00   0.00  
Br  3.906093046380e+00 1.403992712690e-01 1.092796090430e+01  1 1 1   0.00   0.00   0.00  
Br  4.312483222940e+00 8.155496306350e+00 1.669768803960e+01  1 1 1   0.00   0.00   0.00  
Br  1.512490070070e-01 8.155660494020e+00 -3.860000000000e+00  1 1 1   0.00   0.00   0.00  
Br  8.067162075130e+00 1.403062258860e-01 2.902085650800e+00  1 1 1   0.00   0.00   0.00  
Br  4.415810913840e+00 4.232327302350e+00 2.902114272100e+00  1 1 1   0.00   0.00   0.00  
Br  4.009261105420e+00 4.063474403220e+00 -3.860000000000e+00  1 1 1   0.00   0.00   0.00  
Br  8.170490909430e+00 4.063708598390e+00 1.669759438030e+01  1 1 1   0.00   0.00   0.00  
Br  2.548098965980e-01 4.232386727130e+00 1.092790455400e+01  1 1 1   0.00   0.00   0.00  
Pb  4.227515572260e+00 1.629753337619e+01 1.408086733360e+01  1 1 1   0.00   0.00   0.00  
Pb  6.419479429540e-02 1.629762236150e+01 -2.500000000000e-01  1 1 1   0.00   0.00   0.00  
Pb  4.091878653790e+00 1.220584550682e+01 -2.500000000000e-01  1 1 1   0.00   0.00   0.00  
Pb  8.255194052130e+00 1.220583149917e+01 1.408074834560e+01  1 1 1   0.00   0.00   0.00  
N  3.530731469580e+00 1.168264692817e+01 1.137412424900e+01  1 1 1   0.00   0.00   0.00  
N  7.691644454170e+00 1.168256714686e+01 2.455852433530e+00  1 1 1   0.00   0.00   0.00  
N  4.791233302590e+00 1.577433146605e+01 2.455993302930e+00  1 1 1   0.00   0.00   0.00  
N  6.300908014650e-01 1.577456238726e+01 1.137434706140e+01  1 1 1   0.00   0.00   0.00  
H  3.667317330700e+00 1.067079328130e+01 1.112744178760e+01  1 1 1   0.00   0.00   0.00  
H  7.828161840400e+00 1.067068853912e+01 2.702698618400e+00  1 1 1   0.00   0.00   0.00  
H  4.654554991490e+00 1.476250299972e+01 2.702650352920e+00  1 1 1   0.00   0.00   0.00  
H  4.935637219080e-01 1.476254999911e+01 1.112784110650e+01  1 1 1   0.00   0.00   0.00  
H  3.649290881290e+00 1.175738487870e+01 1.239466083620e+01  1 1 1   0.00   0.00   0.00  
H  7.810181668650e+00 1.175728086528e+01 1.435285024580e+00  1 1 1   0.00   0.00   0.00  
H  4.672840749200e+00 1.584900308932e+01 1.435410141410e+00  1 1 1   0.00   0.00   0.00  
H  5.115563668330e-01 1.584947671618e+01 1.239485682510e+01  1 1 1   0.00   0.00   0.00  
H  2.530986720430e+00 1.193322005005e+01 1.116770954230e+01  1 1 1   0.00   0.00   0.00  
H  6.691958626880e+00 1.193319236923e+01 2.662298399830e+00  1 1 1   0.00   0.00   0.00  
H  5.790715829780e+00 1.602528206169e+01 2.662747327120e+00  1 1 1   0.00   0.00   0.00  
H  1.629626874920e+00 1.602540240404e+01 1.116777957610e+01  1 1 1   0.00   0.00   0.00  
H  4.307454578600e+00 1.360284327240e+01 1.103808175320e+01  1 1 1   0.00   0.00   0.00  
H  1.467752426110e-01 1.360260253064e+01 2.791615589930e+00  1 1 1   0.00   0.00   0.00  
H  4.014193124770e+00 9.510503524370e+00 2.791477704490e+00  1 1 1   0.00   0.00   0.00  
H  8.175302956160e+00 9.510679158080e+00 1.103804062770e+01  1 1 1   0.00   0.00   0.00  
H  5.504700955060e+00 1.228293937958e+01 1.097655406180e+01  1 1 1   0.00   0.00   0.00  
H  1.343731314240e+00 1.228259111862e+01 2.853819835970e+00  1 1 1   0.00   0.00   0.00  
H  2.817147167260e+00 8.190532715996e+00 2.853669720530e+00  1 1 1   0.00   0.00   0.00  
H  6.978037721090e+00 8.190977761209e+00 1.097674063440e+01  1 1 1   0.00   0.00   0.00  
H  3.259822221510e+00 1.276432832046e+01 8.926588472770e+00  1 1 1   0.00   0.00   0.00  
H  7.420522980750e+00 1.276609462147e+01 4.902876870510e+00  1 1 1   0.00   0.00   0.00  
H  5.062085476070e+00 8.674251306505e+00 4.902905456900e+00  1 1 1   0.00   0.00   0.00  
H  9.007127263380e-01 8.672287238610e+00 8.926676108060e+00  1 1 1   0.00   0.00   0.00  
H  4.422346259940e+00 1.143616555765e+01 8.852861647990e+00  1 1 1   0.00   0.00   0.00  
H  2.594857452160e-01 1.143640661802e+01 4.977270169280e+00  1 1 1   0.00   0.00   0.00  
H  3.901130791730e+00 1.552805953255e+01 4.977239371500e+00  1 1 1   0.00   0.00   0.00  
H  8.060223106620e+00 1.552773501789e+01 8.853022274870e+00  1 1 1   0.00   0.00   0.00  
H  5.101746808700e+00 1.442139339637e+01 8.713915620780e+00  1 1 1   0.00   0.00   0.00  
H  9.424674613740e-01 1.442099152237e+01 5.116533198340e+00  1 1 1   0.00   0.00   0.00  
H  3.217733629240e+00 1.032874413989e+01 5.115785477730e+00  1 1 1   0.00   0.00   0.00  
H  7.379081532200e+00 1.032915925725e+01 8.715086352650e+00  1 1 1   0.00   0.00   0.00  
H  6.291239060480e+00 1.312347362484e+01 8.670153094750e+00  1 1 1   0.00   0.00   0.00  
H  2.130667137610e+00 1.311970562806e+01 5.160268707060e+00  1 1 1   0.00   0.00   0.00  
H  2.029723392470e+00 9.028770573772e+00 5.160380345650e+00  1 1 1   0.00   0.00   0.00  
H  6.191395543520e+00 9.029157342214e+00 8.669080733300e+00  1 1 1   0.00   0.00   0.00  
H  5.648333034770e+00 1.399964970062e+01 6.344467450570e+00  1 1 1   0.00   0.00   0.00  
H  1.489202356730e+00 1.399664786230e+01 7.486221017230e+00  1 1 1   0.00   0.00   0.00  
H  2.673983823630e+00 9.906091674260e+00 7.485494452130e+00  1 1 1   0.00   0.00   0.00  
H  6.836267746520e+00 9.907549085260e+00 6.344450463360e+00  1 1 1   0.00   0.00   0.00  
H  5.364454912310e+00 1.226232007441e+01 6.528779905310e+00  1 1 1   0.00   0.00   0.00  
H  1.202094844800e+00 1.225982774878e+01 7.300161112130e+00  1 1 1   0.00   0.00   0.00  
H  2.957991175430e+00 1.635395444663e+01 7.301716687610e+00  1 1 1   0.00   0.00   0.00  
H  7.115703181440e+00 1.635552332810e+01 6.528136054880e+00  1 1 1   0.00   0.00   0.00  
H  4.012148237550e+00 1.339432492082e+01 6.609084984940e+00  1 1 1   0.00   0.00   0.00  
H  8.171827427620e+00 1.339309091659e+01 7.220439133780e+00  1 1 1   0.00   0.00   0.00  
H  4.312936544680e+00 9.298629479630e+00 7.218024046760e+00  1 1 1   0.00   0.00   0.00  
H  1.525537446620e-01 9.293768014340e+00 6.612370418350e+00  1 1 1   0.00   0.00   0.00  
C  4.488494799060e+00 1.257828915968e+01 1.067374266830e+01  1 1 1   0.00   0.00   0.00  
C  3.273650518160e-01 1.257820275908e+01 3.156264288610e+00  1 1 1   0.00   0.00   0.00  
C  3.833500476280e+00 8.486103576822e+00 3.156192114350e+00  1 1 1   0.00   0.00   0.00  
C  7.994321084770e+00 8.486140661199e+00 1.067384178550e+01  1 1 1   0.00   0.00   0.00  
C  4.295576558760e+00 1.248251903163e+01 9.173241278530e+00  1 1 1   0.00   0.00   0.00  
C  1.340167346690e-01 1.248282034603e+01 4.656630512060e+00  1 1 1   0.00   0.00   0.00  
C  4.026667635250e+00 8.390744354404e+00 4.656542963080e+00  1 1 1   0.00   0.00   0.00  
C  8.187000691890e+00 8.390169159585e+00 9.173436635500e+00  1 1 1   0.00   0.00   0.00  
C  5.256746699080e+00 1.337953760827e+01 8.398232752640e+00  1 1 1   0.00   0.00   0.00  
C  1.096350313790e+00 1.337846851165e+01 5.431844011400e+00  1 1 1   0.00   0.00   0.00  
C  3.064539056120e+00 9.286602009320e+00 5.431764302850e+00  1 1 1   0.00   0.00   0.00  
C  7.225811321210e+00 9.287044083180e+00 8.398258094060e+00  1 1 1   0.00   0.00   0.00  
C  5.061786293000e+00 1.325263346569e+01 6.891867115320e+00  1 1 1   0.00   0.00   0.00  
C  9.010750230740e-01 1.325107634053e+01 6.938192068270e+00  1 1 1   0.00   0.00   0.00  
C  3.260995497720e+00 9.159901295220e+00 6.937810682350e+00  1 1 1   0.00   0.00   0.00  
C  7.421746249180e+00 9.160551595189e+00 6.892086263260e+00  1 1 1   0.00   0.00   0.00  
Br  2.552900940800e+00 1.389890108197e+01 1.383118003330e+01  1 1 1   0.00   0.00   0.00  
Br  5.822157661070e+00 1.066028614190e+01 1.364049924770e+01  1 1 1   0.00   0.00   0.00  
Br  1.661112819870e+00 1.066025156817e+01 1.896433078440e-01  1 1 1   0.00   0.00   0.00  
Br  6.714128633490e+00 1.389884435748e+01 0.000000000000e+00  1 1 1   0.00   0.00   0.00  
Br  5.769314876360e+00 9.806904214990e+00 0.000000000000e+00  1 1 1   0.00   0.00   0.00  
Br  2.499847539890e+00 1.475225464166e+01 1.893259010330e-01  1 1 1   0.00   0.00   0.00  
Br  6.660838251600e+00 1.475223241283e+01 1.364054013930e+01  1 1 1   0.00   0.00   0.00  
Br  1.608109264200e+00 9.806904967280e+00 1.383121059200e+01  1 1 1   0.00   0.00   0.00  
Br  3.906093046380e+00 8.324399286569e+00 1.092796090430e+01  1 1 1   0.00   0.00   0.00  
Br  4.312483222940e+00 1.633949632165e+01 1.669768803960e+01  1 1 1   0.00   0.00   0.00  
Br  1.512490070070e-01 1.633966050932e+01 -3.860000000000e+00  1 1 1   0.00   0.00   0.00  
Br  8.067162075130e+00 8.324306241186e+00 2.902085650800e+00  1 1 1   0.00   0.00   0.00  
Br  4.415810913840e+00 1.241632731765e+01 2.902114272100e+00  1 1 1   0.00   0.00   0.00  
Br  4.009261105420e+00 1.224747441852e+01 -3.860000000000e+00  1 1 1   0.00   0.00   0.00  
Br  8.170490909430e+00 1.224770861369e+01 1.669759438030e+01  1 1 1   0.00   0.00   0.00  
Br  2.548098965980e-01 1.241638674243e+01 1.092790455400e+01  1 1 1   0.00   0.00   0.00  
