description="final_vaccum.xyz"  
#******** REAL SPACE GRID ********   
wavefunction_grid="36 380 204"  
processor_grid="2 8 4"
potential_grid_refinement="2"  
  
#******* CONTROL OPTIONS *******  
start_mode          ="Restart From File"
start_mode          ="LCAO Start"  
calculation_mode    = "Relax Structure"
kohn_sham_solver    ="davidson"  
subdiag_driver      ="auto"  
#auto: if cuda available, use cusolver, otherwise use lapack for n<128 and scaplack for large system  
cube_rho = "True"  
  
#********* K POINT SETUP *********  
kpoint_mesh = "1 1 1"  
kpoint_is_shift = "0 0 0"  
  
#******* Pseudopotentials *******   
internal_pseudo_type = "sg15"  
#use Optimized Norm-Conserving Vanderbilt (ONCV) pseudopotenitals  
#those pseudopotentials are built in with RMG  
write_pseudopotential_plots ="False"  
  
#*****Exchange Correlation ******  
exchange_correlation_type="AUTO_XC"  
#AUTO_XC: XC will be determined from pseudopotential  
  
#****  LATTICE and ATOMS  ****   
bravais_lattice_type="None"  
crds_units = "Angstrom"  
lattice_units = "Angstrom"  
lattice_vector="  
 6.542749000000e+00  0.000000000000e+00  0.000000000000e+00   
 0.000000000000e+00  7.000000000000e+01  0.000000000000e+00   
 0.000000000000e+00  0.000000000000e+00  3.761262800000e+01   
"  
atomic_coordinate_type = "Absolute"  
atoms="  
H  4.289424000000e+00 6.103934000000e+00 1.234580700000e+01  1 1 1   0.00   0.00   0.00  
C  3.919792000000e+00 6.671647000000e+00 1.320363800000e+01  1 1 1   0.00   0.00   0.00  
C  2.860165000000e+00 7.658316000000e+00 1.300475800000e+01  1 1 1   0.00   0.00   0.00  
H  3.014526000000e+00 5.819040000000e+00 1.795497700000e+01  1 1 1   0.00   0.00   0.00  
H  5.282298000000e+00 5.691531000000e+00 1.452843500000e+01  1 1 1   0.00   0.00   0.00  
H  5.863982000000e+00 5.347126000000e+00 1.818670400000e+01  1 1 1   0.00   0.00   0.00  
C  4.482377000000e+00 6.430136000000e+00 1.446081600000e+01  1 1 1   0.00   0.00   0.00  
C  2.484953000000e+00 8.410542000000e+00 1.419414900000e+01  1 1 1   0.00   0.00   0.00  
H  1.763962000000e+00 9.222810000000e+00 1.411217700000e+01  1 1 1   0.00   0.00   0.00  
C  4.065735000000e+00 7.119173000000e+00 1.568106100000e+01  1 1 1   0.00   0.00   0.00  
C  3.624966000000e+00 6.720714000000e+00 1.817973400000e+01  1 1 1   0.00   0.00   0.00  
C  3.034660000000e+00 8.129698000000e+00 1.544975500000e+01  1 1 1   0.00   0.00   0.00  
H  4.088799000000e+00 6.537696000000e+00 1.917420500000e+01  1 1 1   0.00   0.00   0.00  
C  5.582495000000e+00 5.607267000000e+00 1.713970200000e+01  1 1 1   0.00   0.00   0.00  
H  2.939195000000e+00 7.585969000000e+00 1.828396200000e+01  1 1 1   0.00   0.00   0.00  
H  2.692833000000e+00 8.727222000000e+00 1.629892100000e+01  1 1 1   0.00   0.00   0.00  
C  4.713046000000e+00 6.957379000000e+00 1.706645500000e+01  1 1 1   0.00   0.00   0.00  
H  5.005235000000e+00 4.733405000000e+00 1.676174400000e+01  1 1 1   0.00   0.00   0.00  
H  6.522718000000e+00 5.673651000000e+00 1.655294300000e+01  1 1 1   0.00   0.00   0.00  
C  5.541819000000e+00 8.162570000000e+00 1.740530600000e+01  1 1 1   0.00   0.00   0.00  
H  5.851792000000e+00 7.809969000000e+00 1.956504000000e+01  1 1 1   0.00   0.00   0.00  
H  5.407772000000e+00 8.994475000000e+00 1.536320500000e+01  1 1 1   0.00   0.00   0.00  
C  6.081850000000e+00 8.465746000000e+00 1.872303800000e+01  1 1 1   0.00   0.00   0.00  
C  5.838193000000e+00 9.133618000000e+00 1.635659300000e+01  1 1 1   0.00   0.00   0.00  
C  6.901373000000e+00 9.581787000000e+00 1.895397300000e+01  1 1 1   0.00   0.00   0.00  
C  6.666530000000e+00 1.024496800000e+01 1.657441100000e+01  1 1 1   0.00   0.00   0.00  
H  7.286631000000e+00 9.758673000000e+00 1.996185200000e+01  1 1 1   0.00   0.00   0.00  
H  6.867184000000e+00 1.093473000000e+01 1.574930500000e+01  1 1 1   0.00   0.00   0.00  
C  7.263702000000e+00 1.049949300000e+01 1.788146100000e+01  1 1 1   0.00   0.00   0.00  
O  8.115988000000e+00 1.148565800000e+01 1.801053200000e+01  1 1 1   0.00   0.00   0.00  
H  1.041079600000e+01 1.066779900000e+01 1.918945400000e+01  1 1 1   0.00   0.00   0.00  
C  8.550824000000e+00 1.178914200000e+01 1.932082400000e+01  1 1 1   0.00   0.00   0.00  
C  9.726225000000e+00 1.117532300000e+01 1.987041400000e+01  1 1 1   0.00   0.00   0.00  
H  6.866902000000e+00 1.311628600000e+01 1.977524500000e+01  1 1 1   0.00   0.00   0.00  
C  7.717262000000e+00 1.255146000000e+01 2.017358400000e+01  1 1 1   0.00   0.00   0.00  
C  1.004006500000e+01 1.114476200000e+01 2.126472300000e+01  1 1 1   0.00   0.00   0.00  
H  1.094432000000e+01 1.064792800000e+01 2.162546200000e+01  1 1 1   0.00   0.00   0.00  
C  7.942902000000e+00 1.250237400000e+01 2.159972400000e+01  1 1 1   0.00   0.00   0.00  
C  9.085463000000e+00 1.171127100000e+01 2.219297100000e+01  1 1 1   0.00   0.00   0.00  
C  7.123352000000e+00 1.309157500000e+01 2.274529700000e+01  1 1 1   0.00   0.00   0.00  
O  6.220612000000e+00 1.385197800000e+01 2.258959700000e+01  1 1 1   0.00   0.00   0.00  
C  8.912086000000e+00 1.161920500000e+01 2.370542900000e+01  1 1 1   0.00   0.00   0.00  
N  7.703609000000e+00 1.253705500000e+01 2.409105100000e+01  1 1 1   0.00   0.00   0.00  
O  9.487574000000e+00 1.084216800000e+01 2.440289500000e+01  1 1 1   0.00   0.00   0.00  
H  5.004699000000e+00 1.304807600000e+01 2.431228400000e+01  1 1 1   0.00   0.00   0.00  
C  6.828923000000e+00 1.232092300000e+01 2.529195800000e+01  1 1 1   0.00   0.00   0.00  
C  5.446702000000e+00 1.268964100000e+01 2.524452800000e+01  1 1 1   0.00   0.00   0.00  
H  8.346542000000e+00 1.150398200000e+01 2.660333300000e+01  1 1 1   0.00   0.00   0.00  
C  7.293472000000e+00 1.179709400000e+01 2.654033000000e+01  1 1 1   0.00   0.00   0.00  
C  4.609170000000e+00 1.260399400000e+01 2.639350600000e+01  1 1 1   0.00   0.00   0.00  
H  3.563341000000e+00 1.291731500000e+01 2.633413200000e+01  1 1 1   0.00   0.00   0.00  
C  6.495332000000e+00 1.163861000000e+01 2.772193000000e+01  1 1 1   0.00   0.00   0.00  
C  5.138402000000e+00 1.208657000000e+01 2.760924900000e+01  1 1 1   0.00   0.00   0.00  
O  5.133263000000e+00 1.152510400000e+01 3.058389000000e+01  1 1 1   0.00   0.00   0.00  
N  6.985043000000e+00 1.103436000000e+01 2.899650000000e+01  1 1 1   0.00   0.00   0.00  
H  4.465333000000e+00 1.200565800000e+01 2.846422500000e+01  1 1 1   0.00   0.00   0.00  
C  6.198151000000e+00 1.104741200000e+01 3.034845200000e+01  1 1 1   0.00   0.00   0.00  
O  9.117095000000e+00 9.882312000000e+00 2.845264500000e+01  1 1 1   0.00   0.00   0.00  
C  8.344916000000e+00 1.027974000000e+01 2.926065000000e+01  1 1 1   0.00   0.00   0.00  
C  7.116962000000e+00 1.042284000000e+01 3.139943000000e+01  1 1 1   0.00   0.00   0.00  
C  8.426927000000e+00 1.000850400000e+01 3.077043900000e+01  1 1 1   0.00   0.00   0.00  
H  6.038106000000e+00 1.061993300000e+01 3.331572800000e+01  1 1 1   0.00   0.00   0.00  
C  6.963130000000e+00 1.029657800000e+01 3.282929300000e+01  1 1 1   0.00   0.00   0.00  
C  9.481743000000e+00 9.526182000000e+00 3.160399600000e+01  1 1 1   0.00   0.00   0.00  
H  1.044567200000e+01 9.288863000000e+00 3.114780600000e+01  1 1 1   0.00   0.00   0.00  
C  8.028928000000e+00 9.787996000000e+00 3.359112100000e+01  1 1 1   0.00   0.00   0.00  
C  9.304283000000e+00 9.369999000000e+00 3.302230500000e+01  1 1 1   0.00   0.00   0.00  
H  7.865979000000e+00 9.749836000000e+00 3.466659500000e+01  1 1 1   0.00   0.00   0.00  
H  8.085411000000e+00 7.696032000000e+00 3.465043800000e+01  1 1 1   0.00   0.00   0.00  
O  1.033809500000e+01 8.935676000000e+00 3.377805800000e+01  1 1 1   0.00   0.00   0.00  
C  8.792299000000e+00 8.008339000000e+00 3.542155500000e+01  1 1 1   0.00   0.00   0.00  
C  1.010325000000e+01 8.513998000000e+00 3.502904000000e+01  1 1 1   0.00   0.00   0.00  
H  7.344980000000e+00 7.776132000000e+00 3.698734500000e+01  1 1 1   0.00   0.00   0.00  
H  8.634015000000e+00 6.360818000000e+00 3.982223300000e+01  1 1 1   0.00   0.00   0.00  
H  9.526796000000e+00 8.772053000000e+00 4.133598000000e+01  1 1 1   0.00   0.00   0.00  
C  8.386229000000e+00 8.020435000000e+00 3.676604100000e+01  1 1 1   0.00   0.00   0.00  
C  1.106723900000e+01 8.699333000000e+00 3.610860300000e+01  1 1 1   0.00   0.00   0.00  
H  1.210282200000e+01 8.958384000000e+00 3.588021900000e+01  1 1 1   0.00   0.00   0.00  
C  7.932830000000e+00 7.214986000000e+00 3.974747000000e+01  1 1 1   0.00   0.00   0.00  
C  9.283880000000e+00 8.351640000000e+00 3.786703900000e+01  1 1 1   0.00   0.00   0.00  
C  9.873664000000e+00 8.768882000000e+00 4.027874100000e+01  1 1 1   0.00   0.00   0.00  
H  7.450170000000e+00 7.348494000000e+00 4.074199300000e+01  1 1 1   0.00   0.00   0.00  
C  1.067946100000e+01 8.588790000000e+00 3.745235000000e+01  1 1 1   0.00   0.00   0.00  
H  1.066091800000e+01 7.986417000000e+00 4.018739100000e+01  1 1 1   0.00   0.00   0.00  
H  7.129835000000e+00 6.922688000000e+00 3.903598700000e+01  1 1 1   0.00   0.00   0.00  
H  1.036228200000e+01 9.741374000000e+00 4.007516600000e+01  1 1 1   0.00   0.00   0.00  
C  8.709292000000e+00 8.536038000000e+00 3.927263800000e+01  1 1 1   0.00   0.00   0.00  
H  1.144275500000e+01 8.745289000000e+00 3.821522700000e+01  1 1 1   0.00   0.00   0.00  
C  7.732277000000e+00 9.726373000000e+00 3.930499900000e+01  1 1 1   0.00   0.00   0.00  
H  6.837708000000e+00 9.658123000000e+00 4.133120300000e+01  1 1 1   0.00   0.00   0.00  
H  8.461600000000e+00 1.037969400000e+01 3.732942900000e+01  1 1 1   0.00   0.00   0.00  
C  6.822709000000e+00 1.016410900000e+01 4.036186600000e+01  1 1 1   0.00   0.00   0.00  
C  7.729827000000e+00 1.057710000000e+01 3.811524800000e+01  1 1 1   0.00   0.00   0.00  
C  5.931337000000e+00 1.123346300000e+01 4.020087500000e+01  1 1 1   0.00   0.00   0.00  
C  6.814400000000e+00 1.161616800000e+01 3.791601200000e+01  1 1 1   0.00   0.00   0.00  
H  5.327471000000e+00 1.154242800000e+01 4.105031700000e+01  1 1 1   0.00   0.00   0.00  
H  6.847998000000e+00 1.218151700000e+01 3.698162900000e+01  1 1 1   0.00   0.00   0.00  
C  5.806640000000e+00 1.192788700000e+01 3.892559600000e+01  1 1 1   0.00   0.00   0.00  
O  4.804437000000e+00 1.271041000000e+01 3.852604300000e+01  1 1 1   0.00   0.00   0.00  
H  3.308383000000e+00 1.454389100000e+01 3.762494100000e+01  1 1 1   0.00   0.00   0.00  
C  3.643031000000e+00 1.301135000000e+01 3.914989200000e+01  1 1 1   0.00   0.00   0.00  
C  2.919151000000e+00 1.412281800000e+01 3.854976600000e+01  1 1 1   0.00   0.00   0.00  
H  3.542690000000e+00 1.153348800000e+01 4.079422800000e+01  1 1 1   0.00   0.00   0.00  
C  3.087736000000e+00 1.240158300000e+01 4.032642900000e+01  1 1 1   0.00   0.00   0.00  
C  1.760090000000e+00 1.470858100000e+01 3.910438600000e+01  1 1 1   0.00   0.00   0.00  
H  1.282129000000e+00 1.557177800000e+01 3.862985100000e+01  1 1 1   0.00   0.00   0.00  
C  1.903683000000e+00 1.295497700000e+01 4.091429700000e+01  1 1 1   0.00   0.00   0.00  
C  1.204643000000e+00 1.415256600000e+01 4.030494200000e+01  1 1 1   0.00   0.00   0.00  
C  1.139454000000e+00 1.253170100000e+01 4.217061200000e+01  1 1 1   0.00   0.00   0.00  
O  1.422903000000e+00 1.157661000000e+01 4.281384300000e+01  1 1 1   0.00   0.00   0.00  
C  -3.534000000000e-02 1.451254700000e+01 4.112998900000e+01  1 1 1   0.00   0.00   0.00  
N  -6.499700000000e-02 1.356271300000e+01 4.235154900000e+01  1 1 1   0.00   0.00   0.00  
O  -8.739650000000e-01 1.529769300000e+01 4.081073100000e+01  1 1 1   0.00   0.00   0.00  
C  -1.294235000000e+00 1.328648900000e+01 4.315096500000e+01  1 1 1   0.00   0.00   0.00  
H  -3.803500000000e-01 1.159457000000e+01 4.412412800000e+01  1 1 1   0.00   0.00   0.00  
H  -2.655976000000e+00 1.483949400000e+01 4.237445300000e+01  1 1 1   0.00   0.00   0.00  
C  -1.264174000000e+00 1.223602600000e+01 4.413302600000e+01  1 1 1   0.00   0.00   0.00  
C  -2.496523000000e+00 1.406714400000e+01 4.313688100000e+01  1 1 1   0.00   0.00   0.00  
C  -2.225005000000e+00 1.199727800000e+01 4.516662600000e+01  1 1 1   0.00   0.00   0.00  
C  -3.489801000000e+00 1.387672600000e+01 4.413578200000e+01  1 1 1   0.00   0.00   0.00  
H  -4.384233000000e+00 1.450825700000e+01 4.412360300000e+01  1 1 1   0.00   0.00   0.00  
O  -5.639850000000e-01 9.248750000000e+00 4.497123200000e+01  1 1 1   0.00   0.00   0.00  
C  -3.341663000000e+00 1.288210000000e+01 4.515094400000e+01  1 1 1   0.00   0.00   0.00  
N  -1.985264000000e+00 1.087984100000e+01 4.615323300000e+01  1 1 1   0.00   0.00   0.00  
C  -8.009920000000e-01 9.871984000000e+00 4.595551200000e+01  1 1 1   0.00   0.00   0.00  
O  -3.032390000000e+00 1.161588900000e+01 4.826824500000e+01  1 1 1   0.00   0.00   0.00  
C  -2.224076000000e+00 1.096043600000e+01 4.768850100000e+01  1 1 1   0.00   0.00   0.00  
H  -4.125908000000e+00 1.277345400000e+01 4.590600800000e+01  1 1 1   0.00   0.00   0.00  
C  -2.004720000000e-01 9.546740000000e+00 4.732549800000e+01  1 1 1   0.00   0.00   0.00  
C  -1.183564000000e+00 1.005824600000e+01 4.835840900000e+01  1 1 1   0.00   0.00   0.00  
H  1.748638000000e+00 8.618610000000e+00 4.697133700000e+01  1 1 1   0.00   0.00   0.00  
C  9.975390000000e-01 8.866694000000e+00 4.772522800000e+01  1 1 1   0.00   0.00   0.00  
C  -1.015222000000e+00 9.539722000000e+00 4.969107300000e+01  1 1 1   0.00   0.00   0.00  
H  -1.768031000000e+00 9.767764000000e+00 5.045127400000e+01  1 1 1   0.00   0.00   0.00  
C  1.187272000000e+00 8.453863000000e+00 4.908523100000e+01  1 1 1   0.00   0.00   0.00  
C  8.025000000000e-02 8.702935000000e+00 4.999478700000e+01  1 1 1   0.00   0.00   0.00  
O  2.351471000000e+00 7.834185000000e+00 4.939390200000e+01  1 1 1   0.00   0.00   0.00  
H  9.554200000000e-02 8.235365000000e+00 5.097928400000e+01  1 1 1   0.00   0.00   0.00  
H  4.042991000000e+00 1.761283900000e+01 1.022132700000e+01  1 1 1   0.00   0.00   0.00  
C  3.404544000000e+00 1.686561400000e+01 1.069848900000e+01  1 1 1   0.00   0.00   0.00  
C  2.355056000000e+00 1.620710100000e+01 9.940081000000e+00  1 1 1   0.00   0.00   0.00  
H  2.691236000000e+00 1.379177900000e+01 1.578623500000e+01  1 1 1   0.00   0.00   0.00  
H  4.410656000000e+00 1.707000900000e+01 1.260187900000e+01  1 1 1   0.00   0.00   0.00  
H  5.480249000000e+00 1.517668900000e+01 1.357918400000e+01  1 1 1   0.00   0.00   0.00  
C  3.619116000000e+00 1.655323100000e+01 1.205333100000e+01  1 1 1   0.00   0.00   0.00  
C  1.496971000000e+00 1.526162300000e+01 1.063470900000e+01  1 1 1   0.00   0.00   0.00  
H  6.737970000000e-01 1.478122700000e+01 1.009624900000e+01  1 1 1   0.00   0.00   0.00  
C  2.828341000000e+00 1.552377600000e+01 1.272092300000e+01  1 1 1   0.00   0.00   0.00  
C  2.300232000000e+00 1.412024100000e+01 1.479709600000e+01  1 1 1   0.00   0.00   0.00  
C  1.742699000000e+00 1.491208200000e+01 1.197573300000e+01  1 1 1   0.00   0.00   0.00  
H  1.291184000000e+00 1.454313700000e+01 1.498976100000e+01  1 1 1   0.00   0.00   0.00  
C  4.712733000000e+00 1.448973600000e+01 1.399563500000e+01  1 1 1   0.00   0.00   0.00  
H  2.173544000000e+00 1.321092100000e+01 1.417101300000e+01  1 1 1   0.00   0.00   0.00  
H  1.106787000000e+00 1.415835300000e+01 1.244493100000e+01  1 1 1   0.00   0.00   0.00  
C  3.275335000000e+00 1.519603100000e+01 1.410768000000e+01  1 1 1   0.00   0.00   0.00  
H  5.076340000000e+00 1.412384300000e+01 1.498052900000e+01  1 1 1   0.00   0.00   0.00  
H  4.670204000000e+00 1.361047300000e+01 1.331094400000e+01  1 1 1   0.00   0.00   0.00  
C  3.275181000000e+00 1.642048900000e+01 1.497126600000e+01  1 1 1   0.00   0.00   0.00  
H  1.128431000000e+00 1.657259500000e+01 1.446968400000e+01  1 1 1   0.00   0.00   0.00  
H  5.369437000000e+00 1.672651500000e+01 1.561892800000e+01  1 1 1   0.00   0.00   0.00  
C  1.939739000000e+00 1.700347600000e+01 1.505677400000e+01  1 1 1   0.00   0.00   0.00  
C  4.340235000000e+00 1.708304800000e+01 1.570142600000e+01  1 1 1   0.00   0.00   0.00  
C  1.663858000000e+00 1.810395300000e+01 1.589920600000e+01  1 1 1   0.00   0.00   0.00  
C  4.063217000000e+00 1.818418800000e+01 1.653811900000e+01  1 1 1   0.00   0.00   0.00  
H  6.477150000000e-01 1.850005600000e+01 1.596159300000e+01  1 1 1   0.00   0.00   0.00  
H  4.883663000000e+00 1.866572600000e+01 1.707872800000e+01  1 1 1   0.00   0.00   0.00  
C  2.711961000000e+00 1.867692500000e+01 1.671726400000e+01  1 1 1   0.00   0.00   0.00  
O  2.338170000000e+00 1.959684600000e+01 1.763611600000e+01  1 1 1   0.00   0.00   0.00  
H  2.479389000000e+00 2.169409500000e+01 1.923846400000e+01  1 1 1   0.00   0.00   0.00  
C  2.964112000000e+00 1.958183700000e+01 1.882246200000e+01  1 1 1   0.00   0.00   0.00  
C  3.122853000000e+00 2.085499500000e+01 1.951354400000e+01  1 1 1   0.00   0.00   0.00  
H  3.450559000000e+00 1.742836200000e+01 1.886567100000e+01  1 1 1   0.00   0.00   0.00  
C  3.661306000000e+00 1.841528400000e+01 1.928934100000e+01  1 1 1   0.00   0.00   0.00  
C  4.134442000000e+00 2.105173800000e+01 2.047062100000e+01  1 1 1   0.00   0.00   0.00  
H  4.290159000000e+00 2.203771300000e+01 2.091948900000e+01  1 1 1   0.00   0.00   0.00  
C  4.669431000000e+00 1.856976200000e+01 2.028632700000e+01  1 1 1   0.00   0.00   0.00  
C  4.966109000000e+00 1.993989500000e+01 2.086123600000e+01  1 1 1   0.00   0.00   0.00  
C  5.606168000000e+00 1.754426000000e+01 2.094544400000e+01  1 1 1   0.00   0.00   0.00  
O  5.644683000000e+00 1.639827500000e+01 2.063545500000e+01  1 1 1   0.00   0.00   0.00  
C  6.135624000000e+00 1.983364400000e+01 2.183405600000e+01  1 1 1   0.00   0.00   0.00  
N  6.480427000000e+00 1.831007200000e+01 2.199881900000e+01  1 1 1   0.00   0.00   0.00  
O  6.734822000000e+00 2.077046000000e+01 2.225700300000e+01  1 1 1   0.00   0.00   0.00  
H  7.572537000000e+00 1.576293500000e+01 2.182330300000e+01  1 1 1   0.00   0.00   0.00  
C  7.650652000000e+00 1.774748300000e+01 2.273498000000e+01  1 1 1   0.00   0.00   0.00  
C  8.094290000000e+00 1.640030200000e+01 2.253693000000e+01  1 1 1   0.00   0.00   0.00  
H  8.131906000000e+00 1.953142700000e+01 2.387750900000e+01  1 1 1   0.00   0.00   0.00  
C  8.427153000000e+00 1.849428000000e+01 2.368589400000e+01  1 1 1   0.00   0.00   0.00  
C  9.213419000000e+00 1.585172300000e+01 2.322632600000e+01  1 1 1   0.00   0.00   0.00  
H  9.535527000000e+00 1.482481200000e+01 2.302843600000e+01  1 1 1   0.00   0.00   0.00  
C  9.551260000000e+00 1.799909700000e+01 2.441688100000e+01  1 1 1   0.00   0.00   0.00  
C  9.920835000000e+00 1.664086800000e+01 2.417880200000e+01  1 1 1   0.00   0.00   0.00  
O  1.036972200000e+01 2.101795100000e+01 2.409316700000e+01  1 1 1   0.00   0.00   0.00  
N  1.040213200000e+01 1.886887400000e+01 2.531269500000e+01  1 1 1   0.00   0.00   0.00  
H  1.077780000000e+01 1.620135100000e+01 2.469806600000e+01  1 1 1   0.00   0.00   0.00  
C  1.093514400000e+01 2.025804400000e+01 2.481517600000e+01  1 1 1   0.00   0.00   0.00  
O  1.158191100000e+01 1.717896800000e+01 2.668985900000e+01  1 1 1   0.00   0.00   0.00  
C  1.154668500000e+01 1.824185900000e+01 2.615374600000e+01  1 1 1   0.00   0.00   0.00  
C  1.232025400000e+01 2.047793200000e+01 2.540421400000e+01  1 1 1   0.00   0.00   0.00  
C  1.268794900000e+01 1.926897600000e+01 2.624283700000e+01  1 1 1   0.00   0.00   0.00  
H  1.318330700000e+01 2.234987200000e+01 2.462059000000e+01  1 1 1   0.00   0.00   0.00  
C  1.332415500000e+01 2.150844900000e+01 2.530756700000e+01  1 1 1   0.00   0.00   0.00  
C  1.390053600000e+01 1.920369500000e+01 2.699530100000e+01  1 1 1   0.00   0.00   0.00  
H  1.414416600000e+01 1.829807000000e+01 2.755294700000e+01  1 1 1   0.00   0.00   0.00  
C  1.447576500000e+01 2.143889400000e+01 2.611243900000e+01  1 1 1   0.00   0.00   0.00  
C  1.470849200000e+01 2.038135900000e+01 2.708996100000e+01  1 1 1   0.00   0.00   0.00  
H  1.521846600000e+01 2.223253300000e+01 2.601222300000e+01  1 1 1   0.00   0.00   0.00  
H  1.359069400000e+01 1.895614900000e+01 2.944867300000e+01  1 1 1   0.00   0.00   0.00  
O  1.544914000000e+01 2.061728100000e+01 2.815481500000e+01  1 1 1   0.00   0.00   0.00  
C  1.464553700000e+01 1.875699100000e+01 2.964745300000e+01  1 1 1   0.00   0.00   0.00  
C  1.565751600000e+01 1.962077900000e+01 2.908688900000e+01  1 1 1   0.00   0.00   0.00  
H  1.419978600000e+01 1.699037100000e+01 3.081696900000e+01  1 1 1   0.00   0.00   0.00  
H  1.734655400000e+01 1.472009600000e+01 3.016587900000e+01  1 1 1   0.00   0.00   0.00  
H  1.824344600000e+01 1.704077400000e+01 3.303801300000e+01  1 1 1   0.00   0.00   0.00  
C  1.499128100000e+01 1.764085800000e+01 3.043967000000e+01  1 1 1   0.00   0.00   0.00  
C  1.702647200000e+01 1.937559000000e+01 2.948029500000e+01  1 1 1   0.00   0.00   0.00  
H  1.781181100000e+01 2.005007600000e+01 2.912432500000e+01  1 1 1   0.00   0.00   0.00  
C  1.663498700000e+01 1.475919900000e+01 3.101628700000e+01  1 1 1   0.00   0.00   0.00  
C  1.636725700000e+01 1.733176900000e+01 3.080331300000e+01  1 1 1   0.00   0.00   0.00  
C  1.813973700000e+01 1.625582600000e+01 3.226611400000e+01  1 1 1   0.00   0.00   0.00  
H  1.692937900000e+01 1.394490400000e+01 3.172066500000e+01  1 1 1   0.00   0.00   0.00  
C  1.736337600000e+01 1.826921200000e+01 3.028850400000e+01  1 1 1   0.00   0.00   0.00  
H  1.847425400000e+01 1.529805400000e+01 3.271286500000e+01  1 1 1   0.00   0.00   0.00  
H  1.562416600000e+01 1.452124600000e+01 3.062186500000e+01  1 1 1   0.00   0.00   0.00  
H  1.884303900000e+01 1.646861400000e+01 3.143804200000e+01  1 1 1   0.00   0.00   0.00  
C  1.667076600000e+01 1.614990100000e+01 3.174588600000e+01  1 1 1   0.00   0.00   0.00  
H  1.841363700000e+01 1.813011800000e+01 3.054054700000e+01  1 1 1   0.00   0.00   0.00  
C  1.567302700000e+01 1.611103100000e+01 3.291858500000e+01  1 1 1   0.00   0.00   0.00  
H  1.618813800000e+01 1.807713500000e+01 3.378764700000e+01  1 1 1   0.00   0.00   0.00  
H  1.490319900000e+01 1.407471600000e+01 3.247769500000e+01  1 1 1   0.00   0.00   0.00  
C  1.552879900000e+01 1.720894100000e+01 3.387226800000e+01  1 1 1   0.00   0.00   0.00  
C  1.480923000000e+01 1.494911800000e+01 3.312545500000e+01  1 1 1   0.00   0.00   0.00  
C  1.457253200000e+01 1.718394600000e+01 3.489454700000e+01  1 1 1   0.00   0.00   0.00  
C  1.383349900000e+01 1.491412000000e+01 3.412523600000e+01  1 1 1   0.00   0.00   0.00  
H  1.451855400000e+01 1.800854100000e+01 3.560961600000e+01  1 1 1   0.00   0.00   0.00  
H  1.319567000000e+01 1.403154300000e+01 3.422280700000e+01  1 1 1   0.00   0.00   0.00  
C  1.362857800000e+01 1.607997700000e+01 3.497970800000e+01  1 1 1   0.00   0.00   0.00  
O  1.249643300000e+01 1.610713400000e+01 3.569265200000e+01  1 1 1   0.00   0.00   0.00  
H  1.264917700000e+01 1.848892200000e+01 3.427612600000e+01  1 1 1   0.00   0.00   0.00  
C  1.179336500000e+01 1.724793400000e+01 3.588515900000e+01  1 1 1   0.00   0.00   0.00  
C  1.191296500000e+01 1.844935500000e+01 3.507929900000e+01  1 1 1   0.00   0.00   0.00  
H  1.071630900000e+01 1.633315600000e+01 3.755357500000e+01  1 1 1   0.00   0.00   0.00  
C  1.081505700000e+01 1.722296800000e+01 3.693168000000e+01  1 1 1   0.00   0.00   0.00  
C  1.111561700000e+01 1.959326400000e+01 3.528950500000e+01  1 1 1   0.00   0.00   0.00  
H  1.124260800000e+01 2.047598500000e+01 3.465818300000e+01  1 1 1   0.00   0.00   0.00  
C  1.004459400000e+01 1.839223100000e+01 3.723254900000e+01  1 1 1   0.00   0.00   0.00  
C  1.016951200000e+01 1.962925000000e+01 3.637488500000e+01  1 1 1   0.00   0.00   0.00  
C  9.104067000000e+00 1.873055300000e+01 3.839636300000e+01  1 1 1   0.00   0.00   0.00  
O  8.722329000000e+00 1.793118600000e+01 3.918719200000e+01  1 1 1   0.00   0.00   0.00  
C  9.303699000000e+00 2.075749900000e+01 3.694540200000e+01  1 1 1   0.00   0.00   0.00  
N  8.720189000000e+00 2.024882600000e+01 3.830504500000e+01  1 1 1   0.00   0.00   0.00  
O  9.141796000000e+00 2.182058700000e+01 3.643712000000e+01  1 1 1   0.00   0.00   0.00  
C  7.616500000000e+00 2.086971000000e+01 3.910562200000e+01  1 1 1   0.00   0.00   0.00  
H  7.745821000000e+00 1.939691900000e+01 4.067363900000e+01  1 1 1   0.00   0.00   0.00  
H  7.203420000000e+00 2.265796800000e+01 3.791766900000e+01  1 1 1   0.00   0.00   0.00  
C  7.109501000000e+00 2.018274700000e+01 4.025831000000e+01  1 1 1   0.00   0.00   0.00  
C  6.847516000000e+00 2.201206000000e+01 3.872205500000e+01  1 1 1   0.00   0.00   0.00  
C  5.806792000000e+00 2.035230700000e+01 4.084937100000e+01  1 1 1   0.00   0.00   0.00  
C  5.594795000000e+00 2.230865700000e+01 3.933917200000e+01  1 1 1   0.00   0.00   0.00  
H  5.019195000000e+00 2.318321100000e+01 3.901770500000e+01  1 1 1   0.00   0.00   0.00  
O  2.934517000000e+00 2.008042000000e+01 4.223184700000e+01  1 1 1   0.00   0.00   0.00  
C  5.052039000000e+00 2.146388600000e+01 4.034546900000e+01  1 1 1   0.00   0.00   0.00  
N  5.295013000000e+00 1.940298200000e+01 4.186650600000e+01  1 1 1   0.00   0.00   0.00  
C  3.846760000000e+00 1.935681100000e+01 4.246555100000e+01  1 1 1   0.00   0.00   0.00  
O  7.122340000000e+00 1.770373300000e+01 4.212800300000e+01  1 1 1   0.00   0.00   0.00  
C  6.099527000000e+00 1.818528800000e+01 4.249144100000e+01  1 1 1   0.00   0.00   0.00  
H  4.061726000000e+00 2.168501900000e+01 4.075554000000e+01  1 1 1   0.00   0.00   0.00  
C  3.847259000000e+00 1.826112800000e+01 4.354108800000e+01  1 1 1   0.00   0.00   0.00  
C  5.232780000000e+00 1.765132500000e+01 4.362758300000e+01  1 1 1   0.00   0.00   0.00  
H  1.829169000000e+00 1.828437400000e+01 4.438601300000e+01  1 1 1   0.00   0.00   0.00  
C  2.830594000000e+00 1.785349300000e+01 4.445639000000e+01  1 1 1   0.00   0.00   0.00  
C  5.534494000000e+00 1.677202400000e+01 4.472726800000e+01  1 1 1   0.00   0.00   0.00  
H  6.544281000000e+00 1.637276100000e+01 4.484827000000e+01  1 1 1   0.00   0.00   0.00  
C  3.155040000000e+00 1.693081500000e+01 4.550585500000e+01  1 1 1   0.00   0.00   0.00  
C  4.510227000000e+00 1.643001000000e+01 4.563499100000e+01  1 1 1   0.00   0.00   0.00  
O  2.125415000000e+00 1.646913800000e+01 4.626136800000e+01  1 1 1   0.00   0.00   0.00  
H  4.754406000000e+00 1.574466100000e+01 4.644801300000e+01  1 1 1   0.00   0.00   0.00  
C  4.574185000000e+00 2.251785400000e+01 6.674260000000e+00  1 1 1   0.00   0.00   0.00  
C  5.809318000000e+00 2.177581900000e+01 6.533354000000e+00  1 1 1   0.00   0.00   0.00  
C  6.838752000000e+00 2.217643800000e+01 5.662288000000e+00  1 1 1   0.00   0.00   0.00  
C  6.678474000000e+00 2.336540100000e+01 4.862201000000e+00  1 1 1   0.00   0.00   0.00  
C  4.346497000000e+00 2.366557900000e+01 5.846470000000e+00  1 1 1   0.00   0.00   0.00  
C  5.361378000000e+00 2.409909600000e+01 4.946099000000e+00  1 1 1   0.00   0.00   0.00  
C  7.568295000000e+00 2.410382700000e+01 3.845805000000e+00  1 1 1   0.00   0.00   0.00  
N  6.711689000000e+00 2.521224000000e+01 3.170041000000e+00  1 1 1   0.00   0.00   0.00  
C  -3.862860000000e+00 2.969176500000e+01 1.504554500000e+01  1 1 1   0.00   0.00   0.00  
H  5.971480000000e+00 2.087966900000e+01 7.138680000000e+00  1 1 1   0.00   0.00   0.00  
H  7.761794000000e+00 2.159015900000e+01 5.598729000000e+00  1 1 1   0.00   0.00   0.00  
H  3.398234000000e+00 2.421442000000e+01 5.887427000000e+00  1 1 1   0.00   0.00   0.00  
O  4.481373000000e+00 2.604499700000e+01 3.793677000000e+00  1 1 1   0.00   0.00   0.00  
C  5.377860000000e+00 2.525719700000e+01 3.937813000000e+00  1 1 1   0.00   0.00   0.00  
O  8.732289000000e+00 2.391718500000e+01 3.708174000000e+00  1 1 1   0.00   0.00   0.00  
C  3.546885000000e+00 2.211843600000e+01 7.659868000000e+00  1 1 1   0.00   0.00   0.00  
C  3.489311000000e+00 2.075263100000e+01 8.149812000000e+00  1 1 1   0.00   0.00   0.00  
C  2.506604000000e+00 2.032930300000e+01 9.071557000000e+00  1 1 1   0.00   0.00   0.00  
C  1.575994000000e+00 2.129617200000e+01 9.589357000000e+00  1 1 1   0.00   0.00   0.00  
C  2.615204000000e+00 2.310810800000e+01 8.135481000000e+00  1 1 1   0.00   0.00   0.00  
C  1.639967000000e+00 2.273289500000e+01 9.105696000000e+00  1 1 1   0.00   0.00   0.00  
C  4.679720000000e-01 2.115746800000e+01 1.063088700000e+01  1 1 1   0.00   0.00   0.00  
N  -1.432990000000e-01 2.256758900000e+01 1.081488500000e+01  1 1 1   0.00   0.00   0.00  
O  1.735210000000e-01 2.015499100000e+01 1.121138500000e+01  1 1 1   0.00   0.00   0.00  
H  4.203438000000e+00 2.001647100000e+01 7.789761000000e+00  1 1 1   0.00   0.00   0.00  
H  2.453863000000e+00 1.928933800000e+01 9.405249000000e+00  1 1 1   0.00   0.00   0.00  
H  2.654450000000e+00 2.414133700000e+01 7.788905000000e+00  1 1 1   0.00   0.00   0.00  
O  2.631110000000e-01 2.468522700000e+01 9.553881000000e+00  1 1 1   0.00   0.00   0.00  
C  5.535480000000e-01 2.356155300000e+01 9.807002000000e+00  1 1 1   0.00   0.00   0.00  
C  -3.507244000000e+00 3.108528100000e+01 1.487566000000e+01  1 1 1   0.00   0.00   0.00  
H  5.648763000000e+00 2.696294300000e+01 3.606487200000e+01  1 1 1   0.00   0.00   0.00  
H  -5.743038000000e+00 2.731240100000e+01 1.659101400000e+01  1 1 1   0.00   0.00   0.00  
C  -4.901671000000e+00 2.597920600000e+01 1.296555500000e+01  1 1 1   0.00   0.00   0.00  
C  -5.167967000000e+00 2.505466500000e+01 1.403959200000e+01  1 1 1   0.00   0.00   0.00  
C  -5.578501000000e+00 2.555398400000e+01 1.532740600000e+01  1 1 1   0.00   0.00   0.00  
C  -5.520619000000e+00 2.695025100000e+01 1.558624500000e+01  1 1 1   0.00   0.00   0.00  
C  -5.149617000000e+00 2.787595400000e+01 1.455195800000e+01  1 1 1   0.00   0.00   0.00  
C  -4.860503000000e+00 2.737159500000e+01 1.323430800000e+01  1 1 1   0.00   0.00   0.00  
C  6.703090000000e+00 2.749829300000e+01 3.956329200000e+01  1 1 1   0.00   0.00   0.00  
H  -2.993915000000e+00 2.777386300000e+01 1.570837900000e+01  1 1 1   0.00   0.00   0.00  
O  -5.072426000000e+00 2.924357100000e+01 1.474394900000e+01  1 1 1   0.00   0.00   0.00  
H  -2.645442000000e+00 2.550165600000e+01 1.354448400000e+01  1 1 1   0.00   0.00   0.00  
C  -2.596131000000e+00 2.450515300000e+01 1.309477600000e+01  1 1 1   0.00   0.00   0.00  
C  -1.472412000000e+00 2.415973900000e+01 1.230685500000e+01  1 1 1   0.00   0.00   0.00  
H  -8.494790000000e-01 2.870928000000e+01 1.641405100000e+01  1 1 1   0.00   0.00   0.00  
C  -1.328265000000e+00 2.287170700000e+01 1.170501100000e+01  1 1 1   0.00   0.00   0.00  
O  -4.785917000000e+00 2.375629400000e+01 1.397798400000e+01  1 1 1   0.00   0.00   0.00  
C  -2.336447000000e+00 2.189769200000e+01 1.198003400000e+01  1 1 1   0.00   0.00   0.00  
H  -2.246061000000e+00 2.088873400000e+01 1.156031100000e+01  1 1 1   0.00   0.00   0.00  
C  -3.467589000000e+00 2.219907000000e+01 1.278409000000e+01  1 1 1   0.00   0.00   0.00  
H  -4.218552000000e+00 2.143306400000e+01 1.299395200000e+01  1 1 1   0.00   0.00   0.00  
C  -3.645069000000e+00 2.353243000000e+01 1.330810600000e+01  1 1 1   0.00   0.00   0.00  
H  -5.858320000000e+00 2.484966600000e+01 1.611754000000e+01  1 1 1   0.00   0.00   0.00  
H  -4.680669000000e+00 2.560514100000e+01 1.196071900000e+01  1 1 1   0.00   0.00   0.00  
C  -2.260497000000e+00 3.159502500000e+01 1.531865800000e+01  1 1 1   0.00   0.00   0.00  
C  -1.270368000000e+00 3.080250300000e+01 1.598995600000e+01  1 1 1   0.00   0.00   0.00  
H  -2.061924000000e+00 3.265834200000e+01 1.515490000000e+01  1 1 1   0.00   0.00   0.00  
C  -1.590455000000e+00 2.940293400000e+01 1.601695200000e+01  1 1 1   0.00   0.00   0.00  
H  -4.588300000000e+00 2.807281900000e+01 1.244337200000e+01  1 1 1   0.00   0.00   0.00  
C  -2.824760000000e+00 2.884730900000e+01 1.560022000000e+01  1 1 1   0.00   0.00   0.00  
H  -6.701780000000e-01 2.489395400000e+01 1.216952400000e+01  1 1 1   0.00   0.00   0.00  
C  1.634311000000e+00 3.253026600000e+01 2.122005900000e+01  1 1 1   0.00   0.00   0.00  
C  1.614249000000e+00 3.384897200000e+01 2.061516100000e+01  1 1 1   0.00   0.00   0.00  
C  1.116257000000e+00 3.406632700000e+01 1.931513100000e+01  1 1 1   0.00   0.00   0.00  
C  6.894000000000e-01 3.294331800000e+01 1.852077200000e+01  1 1 1   0.00   0.00   0.00  
C  1.204033000000e+00 3.138376600000e+01 2.047236300000e+01  1 1 1   0.00   0.00   0.00  
C  8.208690000000e-01 3.155364000000e+01 1.910178000000e+01  1 1 1   0.00   0.00   0.00  
C  4.959900000000e-02 3.285232800000e+01 1.713623200000e+01  1 1 1   0.00   0.00   0.00  
N  -1.260760000000e-01 3.134353800000e+01 1.677742300000e+01  1 1 1   0.00   0.00   0.00  
C  6.995633000000e+00 2.835697900000e+01 3.845127900000e+01  1 1 1   0.00   0.00   0.00  
H  1.953628000000e+00 3.472118100000e+01 2.117366400000e+01  1 1 1   0.00   0.00   0.00  
H  1.054234000000e+00 3.508151400000e+01 1.891151200000e+01  1 1 1   0.00   0.00   0.00  
H  1.192405000000e+00 3.038549400000e+01 2.091528900000e+01  1 1 1   0.00   0.00   0.00  
O  6.732310000000e-01 2.938190300000e+01 1.809055600000e+01  1 1 1   0.00   0.00   0.00  
C  4.587250000000e-01 3.054779100000e+01 1.800422200000e+01  1 1 1   0.00   0.00   0.00  
O  -2.709030000000e-01 3.379792600000e+01 1.648457500000e+01  1 1 1   0.00   0.00   0.00  
H  4.529313000000e+00 3.102937600000e+01 2.922388100000e+01  1 1 1   0.00   0.00   0.00  
C  2.102054000000e+00 3.236461900000e+01 2.264970400000e+01  1 1 1   0.00   0.00   0.00  
C  2.546319000000e+00 3.354217000000e+01 2.340904400000e+01  1 1 1   0.00   0.00   0.00  
C  2.954856000000e+00 3.344189000000e+01 2.475204100000e+01  1 1 1   0.00   0.00   0.00  
C  2.960515000000e+00 3.213169800000e+01 2.537747000000e+01  1 1 1   0.00   0.00   0.00  
C  2.112791000000e+00 3.102636200000e+01 2.326782700000e+01  1 1 1   0.00   0.00   0.00  
C  2.542062000000e+00 3.089373300000e+01 2.462134700000e+01  1 1 1   0.00   0.00   0.00  
C  3.426279000000e+00 3.172339500000e+01 2.676824500000e+01  1 1 1   0.00   0.00   0.00  
N  3.200778000000e+00 3.018744500000e+01 2.694011300000e+01  1 1 1   0.00   0.00   0.00  
O  3.966957000000e+00 3.248037600000e+01 2.751403000000e+01  1 1 1   0.00   0.00   0.00  
H  2.578103000000e+00 3.452590900000e+01 2.294240500000e+01  1 1 1   0.00   0.00   0.00  
H  3.285185000000e+00 3.432433800000e+01 2.530881100000e+01  1 1 1   0.00   0.00   0.00  
H  1.822092000000e+00 3.014241500000e+01 2.270160000000e+01  1 1 1   0.00   0.00   0.00  
O  2.673260000000e+00 2.854413200000e+01 2.515400000000e+01  1 1 1   0.00   0.00   0.00  
C  2.741808000000e+00 2.966676600000e+01 2.553155200000e+01  1 1 1   0.00   0.00   0.00  
C  7.691547000000e+00 2.786971600000e+01 3.730422500000e+01  1 1 1   0.00   0.00   0.00  
O  7.831287000000e+00 2.861038400000e+01 3.612807100000e+01  1 1 1   0.00   0.00   0.00  
H  8.607648000000e+00 2.907744000000e+01 3.363266400000e+01  1 1 1   0.00   0.00   0.00  
C  5.302007000000e+00 2.700020900000e+01 3.393244700000e+01  1 1 1   0.00   0.00   0.00  
C  5.722004000000e+00 2.741457200000e+01 3.259930400000e+01  1 1 1   0.00   0.00   0.00  
C  6.979517000000e+00 2.813966500000e+01 3.256378900000e+01  1 1 1   0.00   0.00   0.00  
C  7.676344000000e+00 2.851226300000e+01 3.372768000000e+01  1 1 1   0.00   0.00   0.00  
C  7.223214000000e+00 2.813438500000e+01 3.505830500000e+01  1 1 1   0.00   0.00   0.00  
C  6.017564000000e+00 2.731815900000e+01 3.509759500000e+01  1 1 1   0.00   0.00   0.00  
H  8.379517000000e+00 2.472683900000e+01 3.857960700000e+01  1 1 1   0.00   0.00   0.00  
H  6.122844000000e+00 2.791239300000e+01 4.039431900000e+01  1 1 1   0.00   0.00   0.00  
H  6.649544000000e+00 2.939438000000e+01 3.847112300000e+01  1 1 1   0.00   0.00   0.00  
H  5.513790000000e+00 2.976064200000e+01 3.105158800000e+01  1 1 1   0.00   0.00   0.00  
C  4.992847000000e+00 2.920770400000e+01 3.026942100000e+01  1 1 1   0.00   0.00   0.00  
C  4.422359000000e+00 2.994210500000e+01 2.919331100000e+01  1 1 1   0.00   0.00   0.00  
C  3.743050000000e+00 2.936789100000e+01 2.806805400000e+01  1 1 1   0.00   0.00   0.00  
O  5.025885000000e+00 2.705048100000e+01 3.150938500000e+01  1 1 1   0.00   0.00   0.00  
C  3.676942000000e+00 2.793949200000e+01 2.815397900000e+01  1 1 1   0.00   0.00   0.00  
H  3.179056000000e+00 2.739403700000e+01 2.734495100000e+01  1 1 1   0.00   0.00   0.00  
C  4.204697000000e+00 2.718312600000e+01 2.923716800000e+01  1 1 1   0.00   0.00   0.00  
H  4.084429000000e+00 2.609715700000e+01 2.921272800000e+01  1 1 1   0.00   0.00   0.00  
C  4.863985000000e+00 2.777438800000e+01 3.038117500000e+01  1 1 1   0.00   0.00   0.00  
H  7.403621000000e+00 2.839623600000e+01 3.159316000000e+01  1 1 1   0.00   0.00   0.00  
H  4.386909000000e+00 2.640982500000e+01 3.403776700000e+01  1 1 1   0.00   0.00   0.00  
C  8.195504000000e+00 2.653824500000e+01 3.740151300000e+01  1 1 1   0.00   0.00   0.00  
C  7.950093000000e+00 2.573191800000e+01 3.856382600000e+01  1 1 1   0.00   0.00   0.00  
H  8.786037000000e+00 2.612829300000e+01 3.657555200000e+01  1 1 1   0.00   0.00   0.00  
C  7.147355000000e+00 2.615136400000e+01 3.965939800000e+01  1 1 1   0.00   0.00   0.00  
H  -4.216806000000e+00 3.175268100000e+01 1.438383300000e+01  1 1 1   0.00   0.00   0.00  
C  3.669200000000e+00 2.981305500000e+01 7.229671000000e+00  1 1 1   0.00   0.00   0.00  
C  4.720384000000e+00 2.888095400000e+01 7.574362000000e+00  1 1 1   0.00   0.00   0.00  
C  5.956405000000e+00 2.882186300000e+01 6.891198000000e+00  1 1 1   0.00   0.00   0.00  
C  6.186529000000e+00 2.968826600000e+01 5.762582000000e+00  1 1 1   0.00   0.00   0.00  
C  3.853790000000e+00 3.067557100000e+01 6.093457000000e+00  1 1 1   0.00   0.00   0.00  
C  5.085400000000e+00 3.063392300000e+01 5.372883000000e+00  1 1 1   0.00   0.00   0.00  
C  7.361434000000e+00 2.982307000000e+01 4.776286000000e+00  1 1 1   0.00   0.00   0.00  
N  6.983919000000e+00 3.096416800000e+01 3.786126000000e+00  1 1 1   0.00   0.00   0.00  
C  -4.004715000000e+00 3.617682800000e+01 1.669115100000e+01  1 1 1   0.00   0.00   0.00  
H  4.587768000000e+00 2.819631600000e+01 8.410457000000e+00  1 1 1   0.00   0.00   0.00  
H  6.727158000000e+00 2.812287300000e+01 7.212188000000e+00  1 1 1   0.00   0.00   0.00  
H  3.070897000000e+00 3.135745300000e+01 5.769035000000e+00  1 1 1   0.00   0.00   0.00  
O  4.849707000000e+00 3.220503100000e+01 3.541433000000e+00  1 1 1   0.00   0.00   0.00  
C  5.541591000000e+00 3.143822100000e+01 4.127848000000e+00  1 1 1   0.00   0.00   0.00  
O  8.329417000000e+00 2.912948400000e+01 4.766587000000e+00  1 1 1   0.00   0.00   0.00  
C  2.407936000000e+00 2.991604400000e+01 8.065910000000e+00  1 1 1   0.00   0.00   0.00  
C  2.159856000000e+00 2.898408100000e+01 9.170256000000e+00  1 1 1   0.00   0.00   0.00  
C  1.029993000000e+00 2.907139400000e+01 9.998763000000e+00  1 1 1   0.00   0.00   0.00  
C  5.814900000000e-02 3.011077200000e+01 9.762211000000e+00  1 1 1   0.00   0.00   0.00  
C  1.449405000000e+00 3.100413500000e+01 7.828782000000e+00  1 1 1   0.00   0.00   0.00  
C  2.796220000000e-01 3.110648600000e+01 8.648066000000e+00  1 1 1   0.00   0.00   0.00  
C  -1.248599000000e+00 3.043389700000e+01 1.048910800000e+01  1 1 1   0.00   0.00   0.00  
N  -1.870104000000e+00 3.167682200000e+01 9.781747000000e+00  1 1 1   0.00   0.00   0.00  
O  -1.690341000000e+00 2.980829700000e+01 1.140101700000e+01  1 1 1   0.00   0.00   0.00  
H  2.872334000000e+00 2.818950000000e+01 9.382560000000e+00  1 1 1   0.00   0.00   0.00  
H  8.776180000000e-01 2.836471000000e+01 1.081752800000e+01  1 1 1   0.00   0.00   0.00  
H  1.623046000000e+00 3.175113200000e+01 7.057183000000e+00  1 1 1   0.00   0.00   0.00  
O  -9.357680000000e-01 3.306404700000e+01 7.922370000000e+00  1 1 1   0.00   0.00   0.00  
C  -8.730750000000e-01 3.211845000000e+01 8.637356000000e+00  1 1 1   0.00   0.00   0.00  
C  -3.885096000000e+00 3.474956000000e+01 1.653466100000e+01  1 1 1   0.00   0.00   0.00  
H  7.510723000000e+00 3.128789400000e+01 3.575395600000e+01  1 1 1   0.00   0.00   0.00  
H  -7.324668000000e+00 3.739662900000e+01 1.490420600000e+01  1 1 1   0.00   0.00   0.00  
C  -4.718939000000e+00 3.541417900000e+01 1.268711000000e+01  1 1 1   0.00   0.00   0.00  
C  -6.135183000000e+00 3.539291100000e+01 1.232654500000e+01  1 1 1   0.00   0.00   0.00  
C  -7.036062000000e+00 3.623962200000e+01 1.310126200000e+01  1 1 1   0.00   0.00   0.00  
C  -6.617339000000e+00 3.680802900000e+01 1.431193400000e+01  1 1 1   0.00   0.00   0.00  
C  -5.262602000000e+00 3.660076900000e+01 1.480332200000e+01  1 1 1   0.00   0.00   0.00  
C  -4.303838000000e+00 3.598090300000e+01 1.389541200000e+01  1 1 1   0.00   0.00   0.00  
C  7.308955000000e+00 3.244630100000e+01 3.933331800000e+01  1 1 1   0.00   0.00   0.00  
H  -3.305539000000e+00 3.780995800000e+01 1.797168500000e+01  1 1 1   0.00   0.00   0.00  
O  -4.929559000000e+00 3.694044900000e+01 1.605037700000e+01  1 1 1   0.00   0.00   0.00  
H  -5.433003000000e+00 3.473449800000e+01 9.029807000000e+00  1 1 1   0.00   0.00   0.00  
C  -5.024778000000e+00 3.394774400000e+01 9.673230000000e+00  1 1 1   0.00   0.00   0.00  
C  -3.831370000000e+00 3.325855700000e+01 9.278172000000e+00  1 1 1   0.00   0.00   0.00  
H  -2.138616000000e+00 3.641433600000e+01 1.960199500000e+01  1 1 1   0.00   0.00   0.00  
C  -3.228977000000e+00 3.223239500000e+01 1.006738700000e+01  1 1 1   0.00   0.00   0.00  
O  -6.624364000000e+00 3.455316000000e+01 1.146342800000e+01  1 1 1   0.00   0.00   0.00  
C  -3.979698000000e+00 3.185853900000e+01 1.122710700000e+01  1 1 1   0.00   0.00   0.00  
H  -3.627993000000e+00 3.102541000000e+01 1.184270600000e+01  1 1 1   0.00   0.00   0.00  
C  -5.155368000000e+00 3.255220500000e+01 1.165782000000e+01  1 1 1   0.00   0.00   0.00  
H  -5.655907000000e+00 3.224353500000e+01 1.258302200000e+01  1 1 1   0.00   0.00   0.00  
C  -5.665482000000e+00 3.365325700000e+01 1.091198100000e+01  1 1 1   0.00   0.00   0.00  
H  -8.057483000000e+00 3.639725400000e+01 1.274673300000e+01  1 1 1   0.00   0.00   0.00  
H  -3.977709000000e+00 3.496072800000e+01 1.202192400000e+01  1 1 1   0.00   0.00   0.00  
C  -3.193882000000e+00 3.395078800000e+01 1.748697600000e+01  1 1 1   0.00   0.00   0.00  
C  -2.553821000000e+00 3.447828800000e+01 1.865777800000e+01  1 1 1   0.00   0.00   0.00  
H  -3.164549000000e+00 3.286842600000e+01 1.733284700000e+01  1 1 1   0.00   0.00   0.00  
C  -2.616776000000e+00 3.590922000000e+01 1.875694700000e+01  1 1 1   0.00   0.00   0.00  
H  -3.245277000000e+00 3.596143100000e+01 1.416532900000e+01  1 1 1   0.00   0.00   0.00  
C  -3.297187000000e+00 3.673240800000e+01 1.781801900000e+01  1 1 1   0.00   0.00   0.00  
H  -3.363639000000e+00 3.354400500000e+01 8.330681000000e+00  1 1 1   0.00   0.00   0.00  
C  -8.916390000000e-01 3.163398200000e+01 2.409762800000e+01  1 1 1   0.00   0.00   0.00  
C  -1.348896000000e+00 3.044378800000e+01 2.337068100000e+01  1 1 1   0.00   0.00   0.00  
C  -1.716165000000e+00 3.046356900000e+01 2.201942600000e+01  1 1 1   0.00   0.00   0.00  
C  -1.695781000000e+00 3.172003800000e+01 2.130368100000e+01  1 1 1   0.00   0.00   0.00  
C  -8.609270000000e-01 3.293559600000e+01 2.339478900000e+01  1 1 1   0.00   0.00   0.00  
C  -1.261140000000e+00 3.297827200000e+01 2.202230800000e+01  1 1 1   0.00   0.00   0.00  
C  -2.138727000000e+00 3.203875000000e+01 1.987959500000e+01  1 1 1   0.00   0.00   0.00  
N  -1.942173000000e+00 3.361143900000e+01 1.970214200000e+01  1 1 1   0.00   0.00   0.00  
C  7.962842000000e+00 3.285744500000e+01 3.814633000000e+01  1 1 1   0.00   0.00   0.00  
H  -1.409103000000e+00 2.949327100000e+01 2.388965000000e+01  1 1 1   0.00   0.00   0.00  
H  -2.038607000000e+00 2.954819000000e+01 2.151983000000e+01  1 1 1   0.00   0.00   0.00  
H  -5.538430000000e-01 3.385210600000e+01 2.389544400000e+01  1 1 1   0.00   0.00   0.00  
O  -1.147333000000e+00 3.528615900000e+01 2.133202000000e+01  1 1 1   0.00   0.00   0.00  
C  -1.397619000000e+00 3.415442500000e+01 2.104961400000e+01  1 1 1   0.00   0.00   0.00  
O  -2.572491000000e+00 3.123291900000e+01 1.912308600000e+01  1 1 1   0.00   0.00   0.00  
H  2.738596000000e+00 3.165081800000e+01 3.212851800000e+01  1 1 1   0.00   0.00   0.00  
C  -4.241110000000e-01 3.143187000000e+01 2.551958200000e+01  1 1 1   0.00   0.00   0.00  
C  -3.935920000000e-01 3.014569800000e+01 2.618314900000e+01  1 1 1   0.00   0.00   0.00  
C  1.413350000000e-01 2.995362800000e+01 2.747258600000e+01  1 1 1   0.00   0.00   0.00  
C  6.596540000000e-01 3.108100400000e+01 2.819974900000e+01  1 1 1   0.00   0.00   0.00  
C  7.383700000000e-02 3.258440900000e+01 2.620375500000e+01  1 1 1   0.00   0.00   0.00  
C  6.360660000000e-01 3.243000200000e+01 2.751231000000e+01  1 1 1   0.00   0.00   0.00  
C  1.291831000000e+00 3.123621700000e+01 2.958092900000e+01  1 1 1   0.00   0.00   0.00  
N  1.747261000000e+00 3.274469300000e+01 2.972438800000e+01  1 1 1   0.00   0.00   0.00  
O  1.360691000000e+00 3.038167000000e+01 3.040174300000e+01  1 1 1   0.00   0.00   0.00  
H  -7.825580000000e-01 2.925474500000e+01 2.568165700000e+01  1 1 1   0.00   0.00   0.00  
H  1.651040000000e-01 2.895403600000e+01 2.792168600000e+01  1 1 1   0.00   0.00   0.00  
H  7.258100000000e-02 3.357266300000e+01 2.573546500000e+01  1 1 1   0.00   0.00   0.00  
O  1.547458000000e+00 3.458659200000e+01 2.806929100000e+01  1 1 1   0.00   0.00   0.00  
C  1.347605000000e+00 3.346208900000e+01 2.839778700000e+01  1 1 1   0.00   0.00   0.00  
C  9.135557000000e+00 3.215986900000e+01 3.766574400000e+01  1 1 1   0.00   0.00   0.00  
O  9.794635000000e+00 3.251406600000e+01 3.654736300000e+01  1 1 1   0.00   0.00   0.00  
H  1.032718400000e+01 3.455538000000e+01 3.489897000000e+01  1 1 1   0.00   0.00   0.00  
C  7.024577000000e+00 3.254406500000e+01 3.406899100000e+01  1 1 1   0.00   0.00   0.00  
C  7.337944000000e+00 3.374128500000e+01 3.330461300000e+01  1 1 1   0.00   0.00   0.00  
C  8.603499000000e+00 3.440575600000e+01 3.359091500000e+01  1 1 1   0.00   0.00   0.00  
C  9.398988000000e+00 3.402077600000e+01 3.468410800000e+01  1 1 1   0.00   0.00   0.00  
C  8.996313000000e+00 3.291467200000e+01 3.553394200000e+01  1 1 1   0.00   0.00   0.00  
C  7.798806000000e+00 3.216966600000e+01 3.517866000000e+01  1 1 1   0.00   0.00   0.00  
H  9.236948000000e+00 2.975776800000e+01 4.016056700000e+01  1 1 1   0.00   0.00   0.00  
H  6.443938000000e+00 3.303689200000e+01 3.965658400000e+01  1 1 1   0.00   0.00   0.00  
H  7.587350000000e+00 3.372749700000e+01 3.759563700000e+01  1 1 1   0.00   0.00   0.00  
H  4.692246000000e+00 3.232321800000e+01 3.338693600000e+01  1 1 1   0.00   0.00   0.00  
C  4.461396000000e+00 3.289901700000e+01 3.249678100000e+01  1 1 1   0.00   0.00   0.00  
C  3.304052000000e+00 3.251928500000e+01 3.177242900000e+01  1 1 1   0.00   0.00   0.00  
C  2.824059000000e+00 3.324152900000e+01 3.062813900000e+01  1 1 1   0.00   0.00   0.00  
O  6.490115000000e+00 3.442489800000e+01 3.253419300000e+01  1 1 1   0.00   0.00   0.00  
C  3.546344000000e+00 3.444990700000e+01 3.034671100000e+01  1 1 1   0.00   0.00   0.00  
H  3.193272000000e+00 3.511179600000e+01 2.955145100000e+01  1 1 1   0.00   0.00   0.00  
C  4.744268000000e+00 3.482132900000e+01 3.101204600000e+01  1 1 1   0.00   0.00   0.00  
H  5.273081000000e+00 3.572446200000e+01 3.069969800000e+01  1 1 1   0.00   0.00   0.00  
C  5.277045000000e+00 3.402220500000e+01 3.209270800000e+01  1 1 1   0.00   0.00   0.00  
H  8.935322000000e+00 3.522652800000e+01 3.294756900000e+01  1 1 1   0.00   0.00   0.00  
H  6.178913000000e+00 3.191968800000e+01 3.380607500000e+01  1 1 1   0.00   0.00   0.00  
C  9.590447000000e+00 3.105593900000e+01 3.847855100000e+01  1 1 1   0.00   0.00   0.00  
C  8.869057000000e+00 3.064369900000e+01 3.963128500000e+01  1 1 1   0.00   0.00   0.00  
H  1.049166500000e+01 3.051379600000e+01 3.817271300000e+01  1 1 1   0.00   0.00   0.00  
C  7.724212000000e+00 3.133128400000e+01 4.011585900000e+01  1 1 1   0.00   0.00   0.00  
H  -4.370099000000e+00 3.425750200000e+01 1.569000300000e+01  1 1 1   0.00   0.00   0.00  
C  -5.179000000000e-01 3.857708400000e+01 4.710073000000e+00  1 1 1   0.00   0.00   0.00  
C  -1.469550000000e-01 3.720392500000e+01 4.989987000000e+00  1 1 1   0.00   0.00   0.00  
C  1.007675000000e+00 3.657422200000e+01 4.476533000000e+00  1 1 1   0.00   0.00   0.00  
C  1.925404000000e+00 3.731787900000e+01 3.658388000000e+00  1 1 1   0.00   0.00   0.00  
C  3.843850000000e-01 3.935083000000e+01 3.901935000000e+00  1 1 1   0.00   0.00   0.00  
C  1.559804000000e+00 3.875351700000e+01 3.354167000000e+00  1 1 1   0.00   0.00   0.00  
C  3.236094000000e+00 3.696989700000e+01 2.951121000000e+00  1 1 1   0.00   0.00   0.00  
N  3.631513000000e+00 3.820115600000e+01 2.067342000000e+00  1 1 1   0.00   0.00   0.00  
C  -8.664094000000e+00 4.006054200000e+01 1.806685500000e+01  1 1 1   0.00   0.00   0.00  
H  -7.943180000000e-01 3.658712400000e+01 5.612529000000e+00  1 1 1   0.00   0.00   0.00  
H  1.208444000000e+00 3.551382100000e+01 4.688627000000e+00  1 1 1   0.00   0.00   0.00  
H  1.696250000000e-01 4.039007700000e+01 3.663254000000e+00  1 1 1   0.00   0.00   0.00  
O  2.498784000000e+00 4.042737100000e+01 1.892091000000e+00  1 1 1   0.00   0.00   0.00  
C  2.573870000000e+00 3.933763200000e+01 2.353429000000e+00  1 1 1   0.00   0.00   0.00  
O  3.838565000000e+00 3.595277700000e+01 3.082222000000e+00  1 1 1   0.00   0.00   0.00  
C  -1.815438000000e+00 3.923339500000e+01 5.164162000000e+00  1 1 1   0.00   0.00   0.00  
C  -2.203224000000e+00 4.058062800000e+01 4.721471000000e+00  1 1 1   0.00   0.00   0.00  
C  -3.396507000000e+00 4.121278300000e+01 5.091925000000e+00  1 1 1   0.00   0.00   0.00  
C  -4.310368000000e+00 4.056317000000e+01 6.009397000000e+00  1 1 1   0.00   0.00   0.00  
C  -2.763048000000e+00 3.853542400000e+01 6.023136000000e+00  1 1 1   0.00   0.00   0.00  
C  -3.957623000000e+00 3.917465100000e+01 6.467631000000e+00  1 1 1   0.00   0.00   0.00  
C  -5.613723000000e+00 4.102061000000e+01 6.665040000000e+00  1 1 1   0.00   0.00   0.00  
N  -6.106123000000e+00 3.986514600000e+01 7.594787000000e+00  1 1 1   0.00   0.00   0.00  
O  -6.125400000000e+00 4.207986300000e+01 6.487008000000e+00  1 1 1   0.00   0.00   0.00  
H  -1.549857000000e+00 4.113996700000e+01 4.051362000000e+00  1 1 1   0.00   0.00   0.00  
H  -3.636356000000e+00 4.221569600000e+01 4.701548000000e+00  1 1 1   0.00   0.00   0.00  
H  -2.545130000000e+00 3.751689500000e+01 6.345977000000e+00  1 1 1   0.00   0.00   0.00  
O  -5.105643000000e+00 3.761990600000e+01 7.912496000000e+00  1 1 1   0.00   0.00   0.00  
C  -5.067775000000e+00 3.870122700000e+01 7.433974000000e+00  1 1 1   0.00   0.00   0.00  
C  -7.615250000000e+00 3.908830500000e+01 1.809514000000e+01  1 1 1   0.00   0.00   0.00  
H  1.038590300000e+01 3.897637600000e+01 3.488975400000e+01  1 1 1   0.00   0.00   0.00  
H  -7.548689000000e+00 4.023751300000e+01 1.564999700000e+01  1 1 1   0.00   0.00   0.00  
C  -1.108441300000e+01 4.036930000000e+01 1.389167500000e+01  1 1 1   0.00   0.00   0.00  
C  -9.874625000000e+00 4.039756400000e+01 1.307551500000e+01  1 1 1   0.00   0.00   0.00  
C  -8.592633000000e+00 4.032873400000e+01 1.376148300000e+01  1 1 1   0.00   0.00   0.00  
C  -8.521976000000e+00 4.026984000000e+01 1.515942800000e+01  1 1 1   0.00   0.00   0.00  
C  -9.731503000000e+00 4.022777800000e+01 1.596994500000e+01  1 1 1   0.00   0.00   0.00  
C  -1.102108900000e+01 4.031762100000e+01 1.528921200000e+01  1 1 1   0.00   0.00   0.00  
C  5.240654000000e+00 3.947944700000e+01 3.813176000000e+01  1 1 1   0.00   0.00   0.00  
H  -9.428835000000e+00 4.183252400000e+01 1.909255100000e+01  1 1 1   0.00   0.00   0.00  
O  -9.794305000000e+00 4.000322000000e+01 1.726730900000e+01  1 1 1   0.00   0.00   0.00  
H  -9.695787000000e+00 4.220129000000e+01 9.637644000000e+00  1 1 1   0.00   0.00   0.00  
C  -9.046043000000e+00 4.132060900000e+01 9.686950000000e+00  1 1 1   0.00   0.00   0.00  
C  -8.112298000000e+00 4.107902400000e+01 8.642529000000e+00  1 1 1   0.00   0.00   0.00  
H  -7.687359000000e+00 4.186162100000e+01 2.084863000000e+01  1 1 1   0.00   0.00   0.00  
C  -7.201744000000e+00 3.997289800000e+01 8.609929000000e+00  1 1 1   0.00   0.00   0.00  
O  -1.005997700000e+01 4.070068500000e+01 1.178641200000e+01  1 1 1   0.00   0.00   0.00  
C  -7.394542000000e+00 3.905866700000e+01 9.695770000000e+00  1 1 1   0.00   0.00   0.00  
H  -6.791903000000e+00 3.814472300000e+01 9.722569000000e+00  1 1 1   0.00   0.00   0.00  
C  -8.303533000000e+00 3.926950900000e+01 1.076917700000e+01  1 1 1   0.00   0.00   0.00  
H  -8.381969000000e+00 3.852388300000e+01 1.156385000000e+01  1 1 1   0.00   0.00   0.00  
C  -9.141536000000e+00 4.043905700000e+01 1.082471600000e+01  1 1 1   0.00   0.00   0.00  
H  -7.669961000000e+00 4.034198500000e+01 1.317932400000e+01  1 1 1   0.00   0.00   0.00  
H  -1.205567900000e+01 4.040000400000e+01 1.339695500000e+01  1 1 1   0.00   0.00   0.00  
C  -6.610377000000e+00 3.913630800000e+01 1.910907700000e+01  1 1 1   0.00   0.00   0.00  
C  -6.566350000000e+00 4.012109100000e+01 2.014743400000e+01  1 1 1   0.00   0.00   0.00  
H  -5.820211000000e+00 3.838043700000e+01 1.907351800000e+01  1 1 1   0.00   0.00   0.00  
C  -7.632489000000e+00 4.107508000000e+01 2.009170400000e+01  1 1 1   0.00   0.00   0.00  
H  -1.193615200000e+01 4.032025300000e+01 1.588630800000e+01  1 1 1   0.00   0.00   0.00  
C  -8.648111000000e+00 4.106526600000e+01 1.908747800000e+01  1 1 1   0.00   0.00   0.00  
H  -8.092295000000e+00 4.179911200000e+01 7.818161000000e+00  1 1 1   0.00   0.00   0.00  
C  -1.485188000000e+00 4.001660000000e+01 2.399954500000e+01  1 1 1   0.00   0.00   0.00  
C  -2.103658000000e+00 4.120784500000e+01 2.455045700000e+01  1 1 1   0.00   0.00   0.00  
C  -3.324868000000e+00 4.172544800000e+01 2.406369300000e+01  1 1 1   0.00   0.00   0.00  
C  -3.966487000000e+00 4.107684500000e+01 2.295237100000e+01  1 1 1   0.00   0.00   0.00  
C  -2.120235000000e+00 3.930698400000e+01 2.292738200000e+01  1 1 1   0.00   0.00   0.00  
C  -3.378170000000e+00 3.978044600000e+01 2.243220000000e+01  1 1 1   0.00   0.00   0.00  
C  -5.205766000000e+00 4.140087400000e+01 2.212137100000e+01  1 1 1   0.00   0.00   0.00  
N  -5.492991000000e+00 4.018245400000e+01 2.118645500000e+01  1 1 1   0.00   0.00   0.00  
C  6.478089000000e+00 3.962053300000e+01 3.744148300000e+01  1 1 1   0.00   0.00   0.00  
H  -1.635382000000e+00 4.171579700000e+01 2.539175000000e+01  1 1 1   0.00   0.00   0.00  
H  -3.785372000000e+00 4.260725600000e+01 2.452363800000e+01  1 1 1   0.00   0.00   0.00  
H  -1.690061000000e+00 3.839586900000e+01 2.251337800000e+01  1 1 1   0.00   0.00   0.00  
O  -4.322467000000e+00 3.797186000000e+01 2.115698400000e+01  1 1 1   0.00   0.00   0.00  
C  -4.357899000000e+00 3.912215100000e+01 2.145137100000e+01  1 1 1   0.00   0.00   0.00  
O  -5.756156000000e+00 4.245656700000e+01 2.213083300000e+01  1 1 1   0.00   0.00   0.00  
H  4.086430000000e+00 4.069045400000e+01 2.982980400000e+01  1 1 1   0.00   0.00   0.00  
C  -2.565950000000e-01 3.941114900000e+01 2.455865900000e+01  1 1 1   0.00   0.00   0.00  
C  7.941800000000e-02 3.801618600000e+01 2.430243700000e+01  1 1 1   0.00   0.00   0.00  
C  1.183353000000e+00 3.739127900000e+01 2.490972400000e+01  1 1 1   0.00   0.00   0.00  
C  1.967063000000e+00 3.814969800000e+01 2.585020800000e+01  1 1 1   0.00   0.00   0.00  
C  5.573580000000e-01 4.021911800000e+01 2.542892700000e+01  1 1 1   0.00   0.00   0.00  
C  1.656709000000e+00 3.961206100000e+01 2.610943600000e+01  1 1 1   0.00   0.00   0.00  
C  3.024416000000e+00 3.767393500000e+01 2.684320600000e+01  1 1 1   0.00   0.00   0.00  
N  3.342345000000e+00 3.887323400000e+01 2.778699000000e+01  1 1 1   0.00   0.00   0.00  
O  3.444283000000e+00 3.656125000000e+01 2.690535700000e+01  1 1 1   0.00   0.00   0.00  
H  -5.476960000000e-01 3.739832000000e+01 2.366215000000e+01  1 1 1   0.00   0.00   0.00  
H  1.403896000000e+00 3.633226300000e+01 2.473194800000e+01  1 1 1   0.00   0.00   0.00  
H  3.106340000000e-01 4.126325200000e+01 2.561540700000e+01  1 1 1   0.00   0.00   0.00  
O  2.688438000000e+00 4.126430900000e+01 2.755172900000e+01  1 1 1   0.00   0.00   0.00  
C  2.570501000000e+00 4.012968300000e+01 2.722488300000e+01  1 1 1   0.00   0.00   0.00  
C  7.450016000000e+00 3.856821600000e+01 3.749008000000e+01  1 1 1   0.00   0.00   0.00  
O  8.545414000000e+00 3.853908300000e+01 3.665546900000e+01  1 1 1   0.00   0.00   0.00  
H  6.109071000000e+00 3.804694100000e+01 3.544286800000e+01  1 1 1   0.00   0.00   0.00  
C  9.171116000000e+00 3.899858600000e+01 3.309514900000e+01  1 1 1   0.00   0.00   0.00  
C  7.856046000000e+00 3.872612200000e+01 3.253698100000e+01  1 1 1   0.00   0.00   0.00  
C  6.736143000000e+00 3.839738800000e+01 3.340821500000e+01  1 1 1   0.00   0.00   0.00  
C  6.945219000000e+00 3.831312500000e+01 3.479114700000e+01  1 1 1   0.00   0.00   0.00  
C  8.268434000000e+00 3.854889700000e+01 3.536200800000e+01  1 1 1   0.00   0.00   0.00  
C  9.386849000000e+00 3.884379100000e+01 3.447538700000e+01  1 1 1   0.00   0.00   0.00  
H  5.757032000000e+00 3.642211200000e+01 3.957978400000e+01  1 1 1   0.00   0.00   0.00  
H  4.511535000000e+00 4.029035800000e+01 3.804254700000e+01  1 1 1   0.00   0.00   0.00  
H  6.682902000000e+00 4.052681700000e+01 3.686116800000e+01  1 1 1   0.00   0.00   0.00  
H  6.039737000000e+00 4.049766300000e+01 3.137711400000e+01  1 1 1   0.00   0.00   0.00  
C  5.864030000000e+00 3.972746600000e+01 3.062117100000e+01  1 1 1   0.00   0.00   0.00  
C  4.767043000000e+00 3.983719400000e+01 2.972792900000e+01  1 1 1   0.00   0.00   0.00  
C  4.518631000000e+00 3.885558100000e+01 2.871709100000e+01  1 1 1   0.00   0.00   0.00  
O  7.915979000000e+00 3.849889300000e+01 3.121944700000e+01  1 1 1   0.00   0.00   0.00  
C  5.445179000000e+00 3.776260700000e+01 2.863155600000e+01  1 1 1   0.00   0.00   0.00  
H  5.317630000000e+00 3.699959200000e+01 2.786083400000e+01  1 1 1   0.00   0.00   0.00  
C  6.554565000000e+00 3.760705300000e+01 2.950117100000e+01  1 1 1   0.00   0.00   0.00  
H  7.233248000000e+00 3.675227300000e+01 2.940333900000e+01  1 1 1   0.00   0.00   0.00  
C  6.764079000000e+00 3.860798800000e+01 3.051739300000e+01  1 1 1   0.00   0.00   0.00  
H  5.746794000000e+00 3.818515800000e+01 3.299305300000e+01  1 1 1   0.00   0.00   0.00  
H  9.991696000000e+00 3.926821400000e+01 3.242593400000e+01  1 1 1   0.00   0.00   0.00  
C  7.182252000000e+00 3.743031000000e+01 3.831849200000e+01  1 1 1   0.00   0.00   0.00  
C  5.926672000000e+00 3.732266400000e+01 3.898446000000e+01  1 1 1   0.00   0.00   0.00  
H  7.927804000000e+00 3.663530900000e+01 3.841715900000e+01  1 1 1   0.00   0.00   0.00  
C  4.910095000000e+00 3.833323600000e+01 3.892802800000e+01  1 1 1   0.00   0.00   0.00  
H  -7.576398000000e+00 3.829843300000e+01 1.733909600000e+01  1 1 1   0.00   0.00   0.00  
C  -4.992238000000e+00 5.004818900000e+01 8.997752000000e+00  1 1 1   0.00   0.00   0.00  
C  -4.947564000000e+00 5.127502300000e+01 8.184898000000e+00  1 1 1   0.00   0.00   0.00  
C  -3.873076000000e+00 5.149966500000e+01 7.301981000000e+00  1 1 1   0.00   0.00   0.00  
C  -2.854444000000e+00 5.046263100000e+01 7.176747000000e+00  1 1 1   0.00   0.00   0.00  
C  -3.960399000000e+00 4.900924800000e+01 8.897593000000e+00  1 1 1   0.00   0.00   0.00  
C  -2.896810000000e+00 4.917091100000e+01 7.952731000000e+00  1 1 1   0.00   0.00   0.00  
C  -1.786399000000e+00 5.033943000000e+01 6.102132000000e+00  1 1 1   0.00   0.00   0.00  
N  -1.208422000000e+00 4.891406400000e+01 6.120089000000e+00  1 1 1   0.00   0.00   0.00  
C  -1.529721600000e+01 4.610912200000e+01 2.086428400000e+01  1 1 1   0.00   0.00   0.00  
H  -5.770342000000e+00 5.199782800000e+01 8.206204000000e+00  1 1 1   0.00   0.00   0.00  
H  -3.840328000000e+00 5.238522400000e+01 6.660257000000e+00  1 1 1   0.00   0.00   0.00  
H  -4.039289000000e+00 4.809047600000e+01 9.479709000000e+00  1 1 1   0.00   0.00   0.00  
O  -1.646945000000e+00 4.710546600000e+01 7.754736000000e+00  1 1 1   0.00   0.00   0.00  
C  -1.852464000000e+00 4.820764600000e+01 7.362634000000e+00  1 1 1   0.00   0.00   0.00  
O  -1.500267000000e+00 5.122985500000e+01 5.353373000000e+00  1 1 1   0.00   0.00   0.00  
C  -6.214944000000e+00 4.980768600000e+01 9.865014000000e+00  1 1 1   0.00   0.00   0.00  
C  -7.038966000000e+00 5.093245400000e+01 1.025235500000e+01  1 1 1   0.00   0.00   0.00  
C  -8.254529000000e+00 5.074856800000e+01 1.094820300000e+01  1 1 1   0.00   0.00   0.00  
C  -8.677138000000e+00 4.942350800000e+01 1.131438900000e+01  1 1 1   0.00   0.00   0.00  
C  -6.559964000000e+00 4.847353900000e+01 1.024847100000e+01  1 1 1   0.00   0.00   0.00  
C  -7.771962000000e+00 4.825776500000e+01 1.097778500000e+01  1 1 1   0.00   0.00   0.00  
C  -9.946167000000e+00 4.891706300000e+01 1.199996600000e+01  1 1 1   0.00   0.00   0.00  
N  -9.807452000000e+00 4.734616300000e+01 1.211402200000e+01  1 1 1   0.00   0.00   0.00  
O  -1.084550200000e+01 4.960617100000e+01 1.235602800000e+01  1 1 1   0.00   0.00   0.00  
H  -6.731935000000e+00 5.194722500000e+01 9.996442000000e+00  1 1 1   0.00   0.00   0.00  
H  -8.876818000000e+00 5.160985100000e+01 1.119370800000e+01  1 1 1   0.00   0.00   0.00  
H  -5.941557000000e+00 4.762054200000e+01 9.960033000000e+00  1 1 1   0.00   0.00   0.00  
O  -7.909224000000e+00 4.589355900000e+01 1.144122400000e+01  1 1 1   0.00   0.00   0.00  
C  -8.420351000000e+00 4.696548400000e+01 1.149141000000e+01  1 1 1   0.00   0.00   0.00  
C  -1.403375300000e+01 4.659958600000e+01 2.134802000000e+01  1 1 1   0.00   0.00   0.00  
H  5.985880000000e-01 4.515706400000e+01 3.699654200000e+01  1 1 1   0.00   0.00   0.00  
H  -1.311731400000e+01 4.511370500000e+01 1.975239300000e+01  1 1 1   0.00   0.00   0.00  
C  -1.476718600000e+01 4.503133400000e+01 1.618008000000e+01  1 1 1   0.00   0.00   0.00  
C  -1.350689600000e+01 4.436187400000e+01 1.638511800000e+01  1 1 1   0.00   0.00   0.00  
C  -1.295437500000e+01 4.439796000000e+01 1.771983700000e+01  1 1 1   0.00   0.00   0.00  
C  -1.359367200000e+01 4.509567200000e+01 1.877057100000e+01  1 1 1   0.00   0.00   0.00  
C  -1.488147600000e+01 4.572792800000e+01 1.857948900000e+01  1 1 1   0.00   0.00   0.00  
C  -1.542090000000e+01 4.571350300000e+01 1.723268000000e+01  1 1 1   0.00   0.00   0.00  
C  -1.092137000000e+00 4.870551500000e+01 4.114980900000e+01  1 1 1   0.00   0.00   0.00  
H  -1.722353500000e+01 4.532169700000e+01 2.154572100000e+01  1 1 1   0.00   0.00   0.00  
O  -1.570493500000e+01 4.608620600000e+01 1.956643400000e+01  1 1 1   0.00   0.00   0.00  
H  -1.080343900000e+01 4.304213200000e+01 1.376270800000e+01  1 1 1   0.00   0.00   0.00  
C  -1.115913000000e+01 4.407226700000e+01 1.367075000000e+01  1 1 1   0.00   0.00   0.00  
C  -1.041739500000e+01 4.499411900000e+01 1.289385300000e+01  1 1 1   0.00   0.00   0.00  
H  -1.659133800000e+01 4.510813100000e+01 2.393132400000e+01  1 1 1   0.00   0.00   0.00  
C  -1.074943700000e+01 4.638703600000e+01 1.274475000000e+01  1 1 1   0.00   0.00   0.00  
O  -1.280045300000e+01 4.374546300000e+01 1.538306800000e+01  1 1 1   0.00   0.00   0.00  
C  -1.200874500000e+01 4.674479900000e+01 1.333621000000e+01  1 1 1   0.00   0.00   0.00  
H  -1.239918300000e+01 4.775743600000e+01 1.319363300000e+01  1 1 1   0.00   0.00   0.00  
C  -1.279383900000e+01 4.583963100000e+01 1.409025200000e+01  1 1 1   0.00   0.00   0.00  
H  -1.375595600000e+01 4.618349100000e+01 1.446518800000e+01  1 1 1   0.00   0.00   0.00  
C  -1.235038100000e+01 4.449287800000e+01 1.437999800000e+01  1 1 1   0.00   0.00   0.00  
H  -1.200772900000e+01 4.388717700000e+01 1.792353800000e+01  1 1 1   0.00   0.00   0.00  
H  -1.523296400000e+01 4.500840700000e+01 1.519138600000e+01  1 1 1   0.00   0.00   0.00  
C  -1.370776700000e+01 4.648405100000e+01 2.272554100000e+01  1 1 1   0.00   0.00   0.00  
C  -1.454331500000e+01 4.584315400000e+01 2.370435300000e+01  1 1 1   0.00   0.00   0.00  
H  -1.273798400000e+01 4.687277100000e+01 2.304427700000e+01  1 1 1   0.00   0.00   0.00  
C  -1.584974700000e+01 4.549866700000e+01 2.322655500000e+01  1 1 1   0.00   0.00   0.00  
H  -1.637176000000e+01 4.621554600000e+01 1.703050200000e+01  1 1 1   0.00   0.00   0.00  
C  -1.622161000000e+01 4.562573500000e+01 2.186026000000e+01  1 1 1   0.00   0.00   0.00  
H  -9.520654000000e+00 4.461701600000e+01 1.239674600000e+01  1 1 1   0.00   0.00   0.00  
C  -1.096439100000e+01 4.403450200000e+01 2.862287600000e+01  1 1 1   0.00   0.00   0.00  
C  -1.205755200000e+01 4.311391600000e+01 2.887206500000e+01  1 1 1   0.00   0.00   0.00  
C  -1.322070600000e+01 4.305304900000e+01 2.807510400000e+01  1 1 1   0.00   0.00   0.00  
C  -1.334834700000e+01 4.393001600000e+01 2.694089500000e+01  1 1 1   0.00   0.00   0.00  
C  -1.101415800000e+01 4.488342800000e+01 2.747085200000e+01  1 1 1   0.00   0.00   0.00  
C  -1.217603800000e+01 4.483733100000e+01 2.663386500000e+01  1 1 1   0.00   0.00   0.00  
C  -1.447163700000e+01 4.426975600000e+01 2.596864200000e+01  1 1 1   0.00   0.00   0.00  
N  -1.397777500000e+01 4.543956000000e+01 2.502375800000e+01  1 1 1   0.00   0.00   0.00  
C  -4.587310000000e-01 4.828600900000e+01 3.995011600000e+01  1 1 1   0.00   0.00   0.00  
H  -1.202337000000e+01 4.244047700000e+01 2.972841400000e+01  1 1 1   0.00   0.00   0.00  
H  -1.403711400000e+01 4.237316100000e+01 2.834032800000e+01  1 1 1   0.00   0.00   0.00  
H  -1.021358700000e+01 4.558378100000e+01 2.723954100000e+01  1 1 1   0.00   0.00   0.00  
O  -1.177334100000e+01 4.658639800000e+01 2.502707900000e+01  1 1 1   0.00   0.00   0.00  
C  -1.251103000000e+01 4.575013600000e+01 2.544366500000e+01  1 1 1   0.00   0.00   0.00  
O  -1.555396000000e+01 4.378426300000e+01 2.599890500000e+01  1 1 1   0.00   0.00   0.00  
H  -4.402339000000e+00 4.524233300000e+01 3.388368700000e+01  1 1 1   0.00   0.00   0.00  
C  -9.740991000000e+00 4.423817800000e+01 2.949676300000e+01  1 1 1   0.00   0.00   0.00  
C  -9.658854000000e+00 4.333068900000e+01 3.064295800000e+01  1 1 1   0.00   0.00   0.00  
C  -8.576545000000e+00 4.339600400000e+01 3.152171700000e+01  1 1 1   0.00   0.00   0.00  
C  -7.550608000000e+00 4.439393900000e+01 3.129055000000e+01  1 1 1   0.00   0.00   0.00  
C  -8.718495000000e+00 4.528128100000e+01 2.926741200000e+01  1 1 1   0.00   0.00   0.00  
C  -7.619397000000e+00 4.540352100000e+01 3.016925300000e+01  1 1 1   0.00   0.00   0.00  
C  -6.264791000000e+00 4.462715000000e+01 3.207881200000e+01  1 1 1   0.00   0.00   0.00  
N  -5.589402000000e+00 4.593244500000e+01 3.153635200000e+01  1 1 1   0.00   0.00   0.00  
O  -5.850722000000e+00 4.384288700000e+01 3.287244200000e+01  1 1 1   0.00   0.00   0.00  
H  -1.043620700000e+01 4.258736200000e+01 3.081891700000e+01  1 1 1   0.00   0.00   0.00  
H  -8.504642000000e+00 4.270703900000e+01 3.236754300000e+01  1 1 1   0.00   0.00   0.00  
H  -8.790658000000e+00 4.597854400000e+01 2.843227800000e+01  1 1 1   0.00   0.00   0.00  
O  -6.218304000000e+00 4.729679200000e+01 2.956828900000e+01  1 1 1   0.00   0.00   0.00  
C  -6.435061000000e+00 4.637805500000e+01 3.028755200000e+01  1 1 1   0.00   0.00   0.00  
C  6.148540000000e-01 4.732061600000e+01 3.997544900000e+01  1 1 1   0.00   0.00   0.00  
O  1.282264000000e+00 4.684104000000e+01 3.891517700000e+01  1 1 1   0.00   0.00   0.00  
H  1.287115000000e+00 4.939541100000e+01 3.790273300000e+01  1 1 1   0.00   0.00   0.00  
C  -9.830800000000e-02 4.656640600000e+01 3.549922200000e+01  1 1 1   0.00   0.00   0.00  
C  -2.763750000000e-01 4.796038100000e+01 3.514624100000e+01  1 1 1   0.00   0.00   0.00  
C  3.411580000000e-01 4.896538000000e+01 3.599779200000e+01  1 1 1   0.00   0.00   0.00  
C  8.896210000000e-01 4.861397500000e+01 3.724795000000e+01  1 1 1   0.00   0.00   0.00  
C  9.222690000000e-01 4.723187300000e+01 3.766806200000e+01  1 1 1   0.00   0.00   0.00  
C  4.935770000000e-01 4.621404600000e+01 3.672722500000e+01  1 1 1   0.00   0.00   0.00  
H  4.785790000000e-01 4.671846600000e+01 4.339790700000e+01  1 1 1   0.00   0.00   0.00  
H  -1.890617000000e+00 4.945044400000e+01 4.106042000000e+01  1 1 1   0.00   0.00   0.00  
H  -7.895840000000e-01 4.870713000000e+01 3.899787800000e+01  1 1 1   0.00   0.00   0.00  
H  -2.502153000000e+00 4.618200800000e+01 3.507982700000e+01  1 1 1   0.00   0.00   0.00  
C  -2.792702000000e+00 4.663489900000e+01 3.413001700000e+01  1 1 1   0.00   0.00   0.00  
C  -3.909230000000e+00 4.610248100000e+01 3.343064700000e+01  1 1 1   0.00   0.00   0.00  
C  -4.440118000000e+00 4.661645700000e+01 3.219708300000e+01  1 1 1   0.00   0.00   0.00  
O  -1.083376000000e+00 4.845456700000e+01 3.419972600000e+01  1 1 1   0.00   0.00   0.00  
C  -3.741952000000e+00 4.777304300000e+01 3.171734400000e+01  1 1 1   0.00   0.00   0.00  
H  -4.083716000000e+00 4.826467300000e+01 3.080137800000e+01  1 1 1   0.00   0.00   0.00  
C  -2.596295000000e+00 4.831297400000e+01 3.236550100000e+01  1 1 1   0.00   0.00   0.00  
H  -2.088877000000e+00 4.918026200000e+01 3.193276000000e+01  1 1 1   0.00   0.00   0.00  
C  -2.074139000000e+00 4.776535000000e+01 3.359506500000e+01  1 1 1   0.00   0.00   0.00  
H  3.246550000000e-01 5.001415000000e+01 3.568680600000e+01  1 1 1   0.00   0.00   0.00  
H  -4.291450000000e-01 4.577611700000e+01 3.481928200000e+01  1 1 1   0.00   0.00   0.00  
C  9.228430000000e-01 4.677723000000e+01 4.127674600000e+01  1 1 1   0.00   0.00   0.00  
C  2.163720000000e-01 4.718739700000e+01 4.244429100000e+01  1 1 1   0.00   0.00   0.00  
H  1.706989000000e+00 4.602025100000e+01 4.135556000000e+01  1 1 1   0.00   0.00   0.00  
C  -7.530150000000e-01 4.822798200000e+01 4.245145800000e+01  1 1 1   0.00   0.00   0.00  
H  -1.331501800000e+01 4.707108100000e+01 2.067101600000e+01  1 1 1   0.00   0.00   0.00  
H  -5.610000000000e+00 5.437513200000e+01 -3.471103000000e+00  1 1 1   0.00   0.00   0.00  
C  -6.633845000000e+00 5.401215800000e+01 -3.360513000000e+00  1 1 1   0.00   0.00   0.00  
C  -7.434535000000e+00 5.379062700000e+01 -4.541340000000e+00  1 1 1   0.00   0.00   0.00  
H  -9.898142000000e+00 5.558583600000e+01 -6.215370000000e-01  1 1 1   0.00   0.00   0.00  
H  -6.581247000000e+00 5.408758200000e+01 -1.186580000000e+00  1 1 1   0.00   0.00   0.00  
H  -1.018013100000e+01 5.179004600000e+01 7.054220000000e-01  1 1 1   0.00   0.00   0.00  
C  -7.184844000000e+00 5.385289500000e+01 -2.065724000000e+00  1 1 1   0.00   0.00   0.00  
C  -8.761777000000e+00 5.325069700000e+01 -4.371132000000e+00  1 1 1   0.00   0.00   0.00  
H  -9.369943000000e+00 5.302009100000e+01 -5.248175000000e+00  1 1 1   0.00   0.00   0.00  
C  -8.558482000000e+00 5.342557200000e+01 -1.900572000000e+00  1 1 1   0.00   0.00   0.00  
C  -1.036720300000e+01 5.458079600000e+01 -6.107610000000e-01  1 1 1   0.00   0.00   0.00  
C  -9.315930000000e+00 5.306068300000e+01 -3.081175000000e+00  1 1 1   0.00   0.00   0.00  
H  -1.097405000000e+01 5.453569200000e+01 -1.535793000000e+00  1 1 1   0.00   0.00   0.00  
C  -1.002655900000e+01 5.200603100000e+01 -3.749880000000e-01  1 1 1   0.00   0.00   0.00  
H  -1.104760600000e+01 5.454858700000e+01 2.660320000000e-01  1 1 1   0.00   0.00   0.00  
H  -1.033103400000e+01 5.267716300000e+01 -2.975576000000e+00  1 1 1   0.00   0.00   0.00  
C  -9.270725000000e+00 5.340585400000e+01 -5.797050000000e-01  1 1 1   0.00   0.00   0.00  
H  -1.102318200000e+01 5.200175700000e+01 -8.604680000000e-01  1 1 1   0.00   0.00   0.00  
H  -9.433401000000e+00 5.117251100000e+01 -8.098100000000e-01  1 1 1   0.00   0.00   0.00  
C  -8.309771000000e+00 5.360166300000e+01 5.304370000000e-01  1 1 1   0.00   0.00   0.00  
H  -7.811135000000e+00 5.144020800000e+01 6.622450000000e-01  1 1 1   0.00   0.00   0.00  
H  -8.527410000000e+00 5.581025500000e+01 6.172720000000e-01  1 1 1   0.00   0.00   0.00  
C  -7.603631000000e+00 5.244201600000e+01 1.041036000000e+00  1 1 1   0.00   0.00   0.00  
C  -8.009044000000e+00 5.493802400000e+01 1.014436000000e+00  1 1 1   0.00   0.00   0.00  
C  -6.616768000000e+00 5.261695100000e+01 2.039180000000e+00  1 1 1   0.00   0.00   0.00  
C  -6.993131000000e+00 5.511419700000e+01 1.977394000000e+00  1 1 1   0.00   0.00   0.00  
H  -6.085529000000e+00 5.175680400000e+01 2.455803000000e+00  1 1 1   0.00   0.00   0.00  
H  -6.734596000000e+00 5.612408700000e+01 2.310816000000e+00  1 1 1   0.00   0.00   0.00  
C  -6.305652000000e+00 5.395200700000e+01 2.499209000000e+00  1 1 1   0.00   0.00   0.00  
O  -5.264663000000e+00 5.400997800000e+01 3.367997000000e+00  1 1 1   0.00   0.00   0.00  
H  -7.589754000000e+00 5.531615100000e+01 4.042811000000e+00  1 1 1   0.00   0.00   0.00  
C  -5.466661000000e+00 5.477639700000e+01 4.442096000000e+00  1 1 1   0.00   0.00   0.00  
C  -6.712715000000e+00 5.550775000000e+01 4.661882000000e+00  1 1 1   0.00   0.00   0.00  
H  -3.441181000000e+00 5.428423600000e+01 5.175829000000e+00  1 1 1   0.00   0.00   0.00  
C  -4.339553000000e+00 5.489168400000e+01 5.329339000000e+00  1 1 1   0.00   0.00   0.00  
C  -6.819455000000e+00 5.647281200000e+01 5.672055000000e+00  1 1 1   0.00   0.00   0.00  
H  -7.736453000000e+00 5.705229000000e+01 5.809424000000e+00  1 1 1   0.00   0.00   0.00  
C  -4.444542000000e+00 5.578692400000e+01 6.429924000000e+00  1 1 1   0.00   0.00   0.00  
C  -5.721150000000e+00 5.659549100000e+01 6.604577000000e+00  1 1 1   0.00   0.00   0.00  
C  -3.501697000000e+00 5.608982200000e+01 7.599521000000e+00  1 1 1   0.00   0.00   0.00  
O  -2.419894000000e+00 5.562188300000e+01 7.724467000000e+00  1 1 1   0.00   0.00   0.00  
C  -5.688431000000e+00 5.732061900000e+01 7.938597000000e+00  1 1 1   0.00   0.00   0.00  
N  -4.290108000000e+00 5.707712700000e+01 8.566732000000e+00  1 1 1   0.00   0.00   0.00  
O  -6.623958000000e+00 5.787862700000e+01 8.429422000000e+00  1 1 1   0.00   0.00   0.00  
H  -6.073415000000e+00 5.776689800000e+01 1.066405800000e+01  1 1 1   0.00   0.00   0.00  
C  -4.083318000000e+00 5.708211100000e+01 1.004779900000e+01  1 1 1   0.00   0.00   0.00  
C  -5.071244000000e+00 5.749137700000e+01 1.100012300000e+01  1 1 1   0.00   0.00   0.00  
H  -2.038060000000e+00 5.638464700000e+01 9.879031000000e+00  1 1 1   0.00   0.00   0.00  
C  -2.816699000000e+00 5.667991800000e+01 1.058744600000e+01  1 1 1   0.00   0.00   0.00  
C  -4.763806000000e+00 5.755760200000e+01 1.238916300000e+01  1 1 1   0.00   0.00   0.00  
H  -5.526023000000e+00 5.790424200000e+01 1.309421300000e+01  1 1 1   0.00   0.00   0.00  
C  -2.485206000000e+00 5.662569000000e+01 1.198370200000e+01  1 1 1   0.00   0.00   0.00  
C  -3.485093000000e+00 5.715057500000e+01 1.286616700000e+01  1 1 1   0.00   0.00   0.00  
O  -4.150780000000e-01 5.474214900000e+01 1.033889400000e+01  1 1 1   0.00   0.00   0.00  
N  -1.211091000000e+00 5.596904400000e+01 1.239155000000e+01  1 1 1   0.00   0.00   0.00  
H  -3.294167000000e+00 5.720642400000e+01 1.393959200000e+01  1 1 1   0.00   0.00   0.00  
C  -2.836380000000e-01 5.503831700000e+01 1.148022000000e+01  1 1 1   0.00   0.00   0.00  
O  -1.291309000000e+00 5.596817900000e+01 1.485613400000e+01  1 1 1   0.00   0.00   0.00  
C  -6.820660000000e-01 5.583068600000e+01 1.384256300000e+01  1 1 1   0.00   0.00   0.00  
C  8.591870000000e-01 5.456123600000e+01 1.236092900000e+01  1 1 1   0.00   0.00   0.00  
C  7.038970000000e-01 5.517929000000e+01 1.374030200000e+01  1 1 1   0.00   0.00   0.00  
H  2.156668000000e+00 5.330369300000e+01 1.109958500000e+01  1 1 1   0.00   0.00   0.00  
C  2.025764000000e+00 5.375779500000e+01 1.208614900000e+01  1 1 1   0.00   0.00   0.00  
C  1.774256000000e+00 5.511096200000e+01 1.468433100000e+01  1 1 1   0.00   0.00   0.00  
H  1.733389000000e+00 5.565064900000e+01 1.563382400000e+01  1 1 1   0.00   0.00   0.00  
C  2.992307000000e+00 5.357931400000e+01 1.309058100000e+01  1 1 1   0.00   0.00   0.00  
C  2.838247000000e+00 5.418581700000e+01 1.440095800000e+01  1 1 1   0.00   0.00   0.00  
H  3.882388000000e+00 5.298568300000e+01 1.287700500000e+01  1 1 1   0.00   0.00   0.00  
H  5.668654000000e+00 5.406391600000e+01 1.676160700000e+01  1 1 1   0.00   0.00   0.00  
O  3.430527000000e+00 5.378431100000e+01 1.553034700000e+01  1 1 1   0.00   0.00   0.00  
C  5.424773000000e+00 5.303790200000e+01 1.646236900000e+01  1 1 1   0.00   0.00   0.00  
C  4.347183000000e+00 5.278872900000e+01 1.552430300000e+01  1 1 1   0.00   0.00   0.00  
H  6.907417000000e+00 5.212071500000e+01 1.775313000000e+01  1 1 1   0.00   0.00   0.00  
H  6.788240000000e+00 4.733011800000e+01 1.755984600000e+01  1 1 1   0.00   0.00   0.00  
H  8.776225000000e+00 4.889556000000e+01 1.671973700000e+01  1 1 1   0.00   0.00   0.00  
C  6.119274000000e+00 5.194132200000e+01 1.701690200000e+01  1 1 1   0.00   0.00   0.00  
C  4.086422000000e+00 5.145804200000e+01 1.502560500000e+01  1 1 1   0.00   0.00   0.00  
H  3.318270000000e+00 5.128863700000e+01 1.426625200000e+01  1 1 1   0.00   0.00   0.00  
C  6.112210000000e+00 4.804410600000e+01 1.703713000000e+01  1 1 1   0.00   0.00   0.00  
C  5.795158000000e+00 5.058495200000e+01 1.659139600000e+01  1 1 1   0.00   0.00   0.00  
C  8.042426000000e+00 4.966713100000e+01 1.641600300000e+01  1 1 1   0.00   0.00   0.00  
H  5.112856000000e+00 4.792648800000e+01 1.750698200000e+01  1 1 1   0.00   0.00   0.00  
C  4.804277000000e+00 5.036422900000e+01 1.555717700000e+01  1 1 1   0.00   0.00   0.00  
H  7.870199000000e+00 4.956209100000e+01 1.531930800000e+01  1 1 1   0.00   0.00   0.00  
H  6.044382000000e+00 4.774234000000e+01 1.597470400000e+01  1 1 1   0.00   0.00   0.00  
H  8.496733000000e+00 5.067389500000e+01 1.655498700000e+01  1 1 1   0.00   0.00   0.00  
C  6.651993000000e+00 4.954572600000e+01 1.721661600000e+01  1 1 1   0.00   0.00   0.00  
H  4.606963000000e+00 4.935654800000e+01 1.518518800000e+01  1 1 1   0.00   0.00   0.00  
C  6.736930000000e+00 4.972506100000e+01 1.869239500000e+01  1 1 1   0.00   0.00   0.00  
H  8.849174000000e+00 4.920685300000e+01 1.908560100000e+01  1 1 1   0.00   0.00   0.00  
H  4.555096000000e+00 5.010950800000e+01 1.873596400000e+01  1 1 1   0.00   0.00   0.00  
C  7.903903000000e+00 4.952046600000e+01 1.953260500000e+01  1 1 1   0.00   0.00   0.00  
C  5.462091000000e+00 5.002494300000e+01 1.934042500000e+01  1 1 1   0.00   0.00   0.00  
C  7.825957000000e+00 4.972371800000e+01 2.092154600000e+01  1 1 1   0.00   0.00   0.00  
C  5.379693000000e+00 5.019017600000e+01 2.073356400000e+01  1 1 1   0.00   0.00   0.00  
H  8.716497000000e+00 4.958803800000e+01 2.153921500000e+01  1 1 1   0.00   0.00   0.00  
H  4.407734000000e+00 5.039256700000e+01 2.118519200000e+01  1 1 1   0.00   0.00   0.00  
C  6.567273000000e+00 5.008020300000e+01 2.156541700000e+01  1 1 1   0.00   0.00   0.00  
O  6.554489000000e+00 5.016449400000e+01 2.288913100000e+01  1 1 1   0.00   0.00   0.00  
H  5.642809000000e+00 4.883580200000e+01 2.492390800000e+01  1 1 1   0.00   0.00   0.00  
C  5.401979000000e+00 5.052132900000e+01 2.354111300000e+01  1 1 1   0.00   0.00   0.00  
C  4.972756000000e+00 4.964275600000e+01 2.460837700000e+01  1 1 1   0.00   0.00   0.00  
H  4.921682000000e+00 5.232253900000e+01 2.238623100000e+01  1 1 1   0.00   0.00   0.00  
C  4.580520000000e+00 5.161992300000e+01 2.315203000000e+01  1 1 1   0.00   0.00   0.00  
C  3.713505000000e+00 4.978061400000e+01 2.523990100000e+01  1 1 1   0.00   0.00   0.00  
H  3.416314000000e+00 4.907910300000e+01 2.602546400000e+01  1 1 1   0.00   0.00   0.00  
C  3.284502000000e+00 5.178041900000e+01 2.375107000000e+01  1 1 1   0.00   0.00   0.00  
C  2.840443000000e+00 5.086399600000e+01 2.486578200000e+01  1 1 1   0.00   0.00   0.00  
C  2.152182000000e+00 5.277829600000e+01 2.347829100000e+01  1 1 1   0.00   0.00   0.00  
O  2.057842000000e+00 5.341257200000e+01 2.247678000000e+01  1 1 1   0.00   0.00   0.00  
C  1.506506000000e+00 5.136503700000e+01 2.542660700000e+01  1 1 1   0.00   0.00   0.00  
N  1.084774000000e+00 5.263210200000e+01 2.461139700000e+01  1 1 1   0.00   0.00   0.00  
O  9.322300000000e-01 5.086167600000e+01 2.633878600000e+01  1 1 1   0.00   0.00   0.00  
C  1.691000000000e-01 5.373525400000e+01 2.505644700000e+01  1 1 1   0.00   0.00   0.00  
H  -9.614330000000e-01 5.259602800000e+01 2.648332700000e+01  1 1 1   0.00   0.00   0.00  
H  1.080929000000e+00 5.529981200000e+01 2.383110700000e+01  1 1 1   0.00   0.00   0.00  
C  -9.049570000000e-01 5.356879000000e+01 2.599100500000e+01  1 1 1   0.00   0.00   0.00  
C  2.581660000000e-01 5.505213500000e+01 2.450835800000e+01  1 1 1   0.00   0.00   0.00  
C  -1.931123000000e+00 5.451625200000e+01 2.633018200000e+01  1 1 1   0.00   0.00   0.00  
C  -6.973540000000e-01 5.606330200000e+01 2.481960900000e+01  1 1 1   0.00   0.00   0.00  
H  -5.914210000000e-01 5.705802400000e+01 2.437245800000e+01  1 1 1   0.00   0.00   0.00  
O  -4.186814000000e+00 5.631717400000e+01 2.767634900000e+01  1 1 1   0.00   0.00   0.00  
C  -1.788084000000e+00 5.579023900000e+01 2.569314200000e+01  1 1 1   0.00   0.00   0.00  
N  -3.038950000000e+00 5.417060200000e+01 2.727130600000e+01  1 1 1   0.00   0.00   0.00  
C  -4.007628000000e+00 5.517695000000e+01 2.795768400000e+01  1 1 1   0.00   0.00   0.00  
O  -2.682341000000e+00 5.176622800000e+01 2.783813700000e+01  1 1 1   0.00   0.00   0.00  
C  -3.180767000000e+00 5.281815600000e+01 2.807369600000e+01  1 1 1   0.00   0.00   0.00  
H  -2.512229000000e+00 5.659132400000e+01 2.587940700000e+01  1 1 1   0.00   0.00   0.00  
C  -4.691408000000e+00 5.445634500000e+01 2.914007100000e+01  1 1 1   0.00   0.00   0.00  
C  -4.156126000000e+00 5.304664100000e+01 2.922721300000e+01  1 1 1   0.00   0.00   0.00  
H  -6.032261000000e+00 5.591716100000e+01 3.004417400000e+01  1 1 1   0.00   0.00   0.00  
C  -5.648736000000e+00 5.489414900000e+01 3.009563000000e+01  1 1 1   0.00   0.00   0.00  
C  -4.604965000000e+00 5.219411300000e+01 3.030152000000e+01  1 1 1   0.00   0.00   0.00  
H  -4.213067000000e+00 5.117697800000e+01 3.039566200000e+01  1 1 1   0.00   0.00   0.00  
C  -6.115168000000e+00 5.400437000000e+01 3.113280000000e+01  1 1 1   0.00   0.00   0.00  
C  -5.561796000000e+00 5.266124000000e+01 3.121948800000e+01  1 1 1   0.00   0.00   0.00  
O  -7.125782000000e+00 5.441722000000e+01 3.189410800000e+01  1 1 1   0.00   0.00   0.00  
H  -5.911285000000e+00 5.198667000000e+01 3.200562100000e+01  1 1 1   0.00   0.00   0.00  
H  -6.559491000000e+00 5.945483700000e+01 5.768888000000e+00  1 1 1   0.00   0.00   0.00  
C  -7.534315000000e+00 5.994279500000e+01 5.863588000000e+00  1 1 1   0.00   0.00   0.00  
C  -8.474165000000e+00 5.991649200000e+01 4.770850000000e+00  1 1 1   0.00   0.00   0.00  
H  -9.813110000000e+00 6.410673300000e+01 9.069304000000e+00  1 1 1   0.00   0.00   0.00  
H  -7.216750000000e+00 6.052737400000e+01 7.929338000000e+00  1 1 1   0.00   0.00   0.00  
H  -1.104385200000e+01 6.026348200000e+01 8.648951000000e+00  1 1 1   0.00   0.00   0.00  
C  -7.902010000000e+00 6.056196700000e+01 7.080277000000e+00  1 1 1   0.00   0.00   0.00  
C  -9.774158000000e+00 6.052460500000e+01 4.938031000000e+00  1 1 1   0.00   0.00   0.00  
H  -1.049631800000e+01 6.043265700000e+01 4.139324000000e+00  1 1 1   0.00   0.00   0.00  
C  -9.170758000000e+00 6.125274500000e+01 7.206791000000e+00  1 1 1   0.00   0.00   0.00  
C  -9.830176000000e+00 6.348770400000e+01 8.147882000000e+00  1 1 1   0.00   0.00   0.00  
C  -1.011207800000e+01 6.124758400000e+01 6.108984000000e+00  1 1 1   0.00   0.00   0.00  
H  -9.086822000000e+00 6.390129600000e+01 7.429265000000e+00  1 1 1   0.00   0.00   0.00  
C  -1.090355400000e+01 6.129899700000e+01 9.029338000000e+00  1 1 1   0.00   0.00   0.00  
H  -1.082764000000e+01 6.363866200000e+01 7.679447000000e+00  1 1 1   0.00   0.00   0.00  
H  -1.107890500000e+01 6.175171700000e+01 6.191696000000e+00  1 1 1   0.00   0.00   0.00  
C  -9.541020000000e+00 6.194105000000e+01 8.469507000000e+00  1 1 1   0.00   0.00   0.00  
H  -1.088996200000e+01 6.125447300000e+01 1.013854200000e+01  1 1 1   0.00   0.00   0.00  
H  -1.179066800000e+01 6.189593000000e+01 8.729090000000e+00  1 1 1   0.00   0.00   0.00  
C  -8.498456000000e+00 6.176377800000e+01 9.520442000000e+00  1 1 1   0.00   0.00   0.00  
H  -7.700163000000e+00 6.382049000000e+01 9.362609000000e+00  1 1 1   0.00   0.00   0.00  
H  -8.950965000000e+00 5.963321200000e+01 9.902274000000e+00  1 1 1   0.00   0.00   0.00  
C  -7.631069000000e+00 6.286182900000e+01 9.877316000000e+00  1 1 1   0.00   0.00   0.00  
C  -8.334494000000e+00 6.049006300000e+01 1.019352800000e+01  1 1 1   0.00   0.00   0.00  
C  -6.687227000000e+00 6.270480800000e+01 1.092722900000e+01  1 1 1   0.00   0.00   0.00  
C  -7.384747000000e+00 6.033660400000e+01 1.123336400000e+01  1 1 1   0.00   0.00   0.00  
H  -6.055724000000e+00 6.353943900000e+01 1.122103000000e+01  1 1 1   0.00   0.00   0.00  
H  -7.282795000000e+00 5.936796100000e+01 1.173237400000e+01  1 1 1   0.00   0.00   0.00  
C  -6.581098000000e+00 6.145814800000e+01 1.164004800000e+01  1 1 1   0.00   0.00   0.00  
O  -5.702879000000e+00 6.148564300000e+01 1.270574600000e+01  1 1 1   0.00   0.00   0.00  
H  -8.250489000000e+00 6.065446600000e+01 1.333751300000e+01  1 1 1   0.00   0.00   0.00  
C  -6.171296000000e+00 6.116084100000e+01 1.389431300000e+01  1 1 1   0.00   0.00   0.00  
C  -7.455934000000e+00 6.049083700000e+01 1.406642700000e+01  1 1 1   0.00   0.00   0.00  
H  -4.328807000000e+00 6.183072500000e+01 1.493379200000e+01  1 1 1   0.00   0.00   0.00  
C  -5.223003000000e+00 6.119627700000e+01 1.496652200000e+01  1 1 1   0.00   0.00   0.00  
C  -7.665510000000e+00 5.956729400000e+01 1.509902400000e+01  1 1 1   0.00   0.00   0.00  
H  -8.606655000000e+00 5.900394900000e+01 1.515225300000e+01  1 1 1   0.00   0.00   0.00  
C  -5.410536000000e+00 6.026350200000e+01 1.603185400000e+01  1 1 1   0.00   0.00   0.00  
C  -6.615838000000e+00 5.934100600000e+01 1.606132400000e+01  1 1 1   0.00   0.00   0.00  
C  -4.481380000000e+00 5.992379300000e+01 1.720783900000e+01  1 1 1   0.00   0.00   0.00  
O  -3.452956000000e+00 6.048175400000e+01 1.742072800000e+01  1 1 1   0.00   0.00   0.00  
C  -6.409625000000e+00 5.831074700000e+01 1.715981500000e+01  1 1 1   0.00   0.00   0.00  
N  -5.099353000000e+00 5.869359500000e+01 1.793237600000e+01  1 1 1   0.00   0.00   0.00  
O  -7.090790000000e+00 5.735241500000e+01 1.731741300000e+01  1 1 1   0.00   0.00   0.00  
H  -5.282419000000e+00 5.587213100000e+01 1.823459600000e+01  1 1 1   0.00   0.00   0.00  
C  -4.233594000000e+00 5.773986500000e+01 1.871688200000e+01  1 1 1   0.00   0.00   0.00  
C  -4.428008000000e+00 5.632695400000e+01 1.874646600000e+01  1 1 1   0.00   0.00   0.00  
H  -2.910482000000e+00 5.930644800000e+01 1.939560700000e+01  1 1 1   0.00   0.00   0.00  
C  -3.079866000000e+00 5.822648700000e+01 1.942854300000e+01  1 1 1   0.00   0.00   0.00  
C  -3.489840000000e+00 5.549777900000e+01 1.942725800000e+01  1 1 1   0.00   0.00   0.00  
H  -3.636459000000e+00 5.441170600000e+01 1.941754300000e+01  1 1 1   0.00   0.00   0.00  
C  -2.116572000000e+00 5.745528500000e+01 2.014428400000e+01  1 1 1   0.00   0.00   0.00  
C  -2.380198000000e+00 5.605545600000e+01 2.012985700000e+01  1 1 1   0.00   0.00   0.00  
O  -1.669738000000e+00 6.042965000000e+01 2.127358400000e+01  1 1 1   0.00   0.00   0.00  
N  -9.227750000000e-01 5.810283100000e+01 2.080432100000e+01  1 1 1   0.00   0.00   0.00  
H  -1.717653000000e+00 5.537222200000e+01 2.066872200000e+01  1 1 1   0.00   0.00   0.00  
C  -9.358890000000e-01 5.951897700000e+01 2.149068000000e+01  1 1 1   0.00   0.00   0.00  
O  5.350520000000e-01 5.619940700000e+01 2.132230400000e+01  1 1 1   0.00   0.00   0.00  
C  2.955390000000e-01 5.736413000000e+01 2.139711300000e+01  1 1 1   0.00   0.00   0.00  
C  2.129090000000e-01 5.956152000000e+01 2.249380000000e+01  1 1 1   0.00   0.00   0.00  
C  1.070454000000e+00 5.832511000000e+01 2.231472600000e+01  1 1 1   0.00   0.00   0.00  
H  -1.064230000000e-01 6.129816700000e+01 2.382848800000e+01  1 1 1   0.00   0.00   0.00  
C  5.423860000000e-01 6.045519700000e+01 2.357747000000e+01  1 1 1   0.00   0.00   0.00  
C  2.318622000000e+00 5.820235100000e+01 2.299542100000e+01  1 1 1   0.00   0.00   0.00  
H  2.974307000000e+00 5.735021100000e+01 2.279522900000e+01  1 1 1   0.00   0.00   0.00  
C  1.694085000000e+00 6.020960900000e+01 2.434446200000e+01  1 1 1   0.00   0.00   0.00  
C  2.669465000000e+00 5.918341100000e+01 2.399052300000e+01  1 1 1   0.00   0.00   0.00  
H  1.885679000000e+00 6.084116800000e+01 2.521254600000e+01  1 1 1   0.00   0.00   0.00  
H  5.089715000000e+00 5.907936000000e+01 2.692059800000e+01  1 1 1   0.00   0.00   0.00  
O  3.874440000000e+00 5.918422000000e+01 2.456156200000e+01  1 1 1   0.00   0.00   0.00  
C  4.952601000000e+00 6.008759900000e+01 2.651795500000e+01  1 1 1   0.00   0.00   0.00  
C  4.188602000000e+00 6.028019900000e+01 2.530541000000e+01  1 1 1   0.00   0.00   0.00  
H  6.086109000000e+00 6.099970300000e+01 2.811033700000e+01  1 1 1   0.00   0.00   0.00  
H  8.406692000000e+00 6.412982800000e+01 2.738625800000e+01  1 1 1   0.00   0.00   0.00  
H  6.327449000000e+00 6.587627800000e+01 2.738000900000e+01  1 1 1   0.00   0.00   0.00  
C  5.524682000000e+00 6.118760400000e+01 2.719649400000e+01  1 1 1   0.00   0.00   0.00  
C  3.962909000000e+00 6.164296000000e+01 2.487067400000e+01  1 1 1   0.00   0.00   0.00  
H  3.336966000000e+00 6.184109000000e+01 2.399756700000e+01  1 1 1   0.00   0.00   0.00  
C  7.702026000000e+00 6.345568800000e+01 2.685351500000e+01  1 1 1   0.00   0.00   0.00  
C  5.404312000000e+00 6.254276900000e+01 2.668466200000e+01  1 1 1   0.00   0.00   0.00  
C  5.722650000000e+00 6.507408600000e+01 2.690124200000e+01  1 1 1   0.00   0.00   0.00  
H  8.071311000000e+00 6.241441100000e+01 2.696135800000e+01  1 1 1   0.00   0.00   0.00  
C  4.564760000000e+00 6.274469900000e+01 2.552006700000e+01  1 1 1   0.00   0.00   0.00  
H  5.840620000000e+00 6.520939300000e+01 2.580161500000e+01  1 1 1   0.00   0.00   0.00  
H  7.779811000000e+00 6.369053700000e+01 2.576706000000e+01  1 1 1   0.00   0.00   0.00  
H  4.656920000000e+00 6.527090100000e+01 2.713977200000e+01  1 1 1   0.00   0.00   0.00  
C  6.186628000000e+00 6.361567400000e+01 2.737386500000e+01  1 1 1   0.00   0.00   0.00  
H  4.396840000000e+00 6.374811600000e+01 2.512873400000e+01  1 1 1   0.00   0.00   0.00  
C  6.046736000000e+00 6.344062400000e+01 2.885923500000e+01  1 1 1   0.00   0.00   0.00  
H  7.760205000000e+00 6.207381200000e+01 2.911801000000e+01  1 1 1   0.00   0.00   0.00  
H  4.187936000000e+00 6.461365600000e+01 2.906889900000e+01  1 1 1   0.00   0.00   0.00  
C  6.928127000000e+00 6.257031200000e+01 2.961583500000e+01  1 1 1   0.00   0.00   0.00  
C  4.917720000000e+00 6.399339000000e+01 2.958743600000e+01  1 1 1   0.00   0.00   0.00  
C  6.725527000000e+00 6.231220500000e+01 3.099255000000e+01  1 1 1   0.00   0.00   0.00  
C  4.709385000000e+00 6.373620100000e+01 3.096244300000e+01  1 1 1   0.00   0.00   0.00  
H  7.398263000000e+00 6.163105200000e+01 3.152193800000e+01  1 1 1   0.00   0.00   0.00  
H  3.838077000000e+00 6.416638200000e+01 3.146855900000e+01  1 1 1   0.00   0.00   0.00  
C  5.647864000000e+00 6.294154600000e+01 3.171635300000e+01  1 1 1   0.00   0.00   0.00  
O  5.729385000000e+00 6.304331600000e+01 3.308068400000e+01  1 1 1   0.00   0.00   0.00  
H  5.176759000000e+00 6.377305800000e+01 3.553320200000e+01  1 1 1   0.00   0.00   0.00  
C  4.742057000000e+00 6.250461900000e+01 3.379257500000e+01  1 1 1   0.00   0.00   0.00  
C  4.487539000000e+00 6.303218500000e+01 3.512827700000e+01  1 1 1   0.00   0.00   0.00  
H  4.130279000000e+00 6.099943600000e+01 3.229217300000e+01  1 1 1   0.00   0.00   0.00  
C  3.916419000000e+00 6.145112400000e+01 3.326399400000e+01  1 1 1   0.00   0.00   0.00  
C  3.348052000000e+00 6.268704600000e+01 3.587491900000e+01  1 1 1   0.00   0.00   0.00  
H  3.137874000000e+00 6.316492300000e+01 3.683737400000e+01  1 1 1   0.00   0.00   0.00  
C  2.805197000000e+00 6.100951100000e+01 3.403362200000e+01  1 1 1   0.00   0.00   0.00  
C  2.420765000000e+00 6.173164200000e+01 3.531695400000e+01  1 1 1   0.00   0.00   0.00  
C  1.754813000000e+00 5.992669500000e+01 3.374956900000e+01  1 1 1   0.00   0.00   0.00  
O  1.895784000000e+00 5.903091800000e+01 3.297799800000e+01  1 1 1   0.00   0.00   0.00  
C  1.003311000000e+00 6.135753300000e+01 3.571287700000e+01  1 1 1   0.00   0.00   0.00  
N  5.541090000000e-01 6.020681100000e+01 3.469496300000e+01  1 1 1   0.00   0.00   0.00  
O  3.592220000000e-01 6.195850400000e+01 3.650804000000e+01  1 1 1   0.00   0.00   0.00  
C  -6.417510000000e-01 5.932790400000e+01 3.479627400000e+01  1 1 1   0.00   0.00   0.00  
H  -1.543154000000e+00 6.039750300000e+01 3.643694700000e+01  1 1 1   0.00   0.00   0.00  
H  -1.528250000000e-01 5.801124600000e+01 3.310845500000e+01  1 1 1   0.00   0.00   0.00  
C  -1.637401000000e+00 5.950483600000e+01 3.581497100000e+01  1 1 1   0.00   0.00   0.00  
C  -8.440580000000e-01 5.819842200000e+01 3.393256400000e+01  1 1 1   0.00   0.00   0.00  
C  -2.717382000000e+00 5.860121500000e+01 3.609495100000e+01  1 1 1   0.00   0.00   0.00  
C  -1.934179000000e+00 5.730470900000e+01 3.411510500000e+01  1 1 1   0.00   0.00   0.00  
H  -2.062979000000e+00 5.646013700000e+01 3.343232300000e+01  1 1 1   0.00   0.00   0.00  
O  -5.578435000000e+00 5.741662300000e+01 3.680389200000e+01  1 1 1   0.00   0.00   0.00  
C  -2.858481000000e+00 5.750680400000e+01 3.518213800000e+01  1 1 1   0.00   0.00   0.00  
N  -3.559263000000e+00 5.877244700000e+01 3.731718200000e+01  1 1 1   0.00   0.00   0.00  
C  -5.016355000000e+00 5.821960800000e+01 3.747768400000e+01  1 1 1   0.00   0.00   0.00  
O  -2.619962000000e+00 6.088444300000e+01 3.827487900000e+01  1 1 1   0.00   0.00   0.00  
C  -3.451234000000e+00 6.003096500000e+01 3.824936500000e+01  1 1 1   0.00   0.00   0.00  
H  -3.688762000000e+00 5.680735800000e+01 3.528830300000e+01  1 1 1   0.00   0.00   0.00  
C  -5.654939000000e+00 5.898205100000e+01 3.864777600000e+01  1 1 1   0.00   0.00   0.00  
C  -4.713983000000e+00 6.007156000000e+01 3.909929700000e+01  1 1 1   0.00   0.00   0.00  
H  -7.613810000000e+00 5.807224300000e+01 3.901230700000e+01  1 1 1   0.00   0.00   0.00  
C  -6.897551000000e+00 5.883408200000e+01 3.933576200000e+01  1 1 1   0.00   0.00   0.00  
C  -5.079161000000e+00 6.096793000000e+01 4.017223500000e+01  1 1 1   0.00   0.00   0.00  
H  -4.400221000000e+00 6.177219600000e+01 4.047753600000e+01  1 1 1   0.00   0.00   0.00  
C  -7.183021000000e+00 5.966283000000e+01 4.047304100000e+01  1 1 1   0.00   0.00   0.00  
C  -6.302222000000e+00 6.075728800000e+01 4.084492700000e+01  1 1 1   0.00   0.00   0.00  
O  -8.236360000000e+00 5.928664300000e+01 4.119555900000e+01  1 1 1   0.00   0.00   0.00  
H  -6.570082000000e+00 6.142906300000e+01 4.166310600000e+01  1 1 1   0.00   0.00   0.00  
"  
