description="input.xyz"  

#******** REAL SPACE GRID ********   
wavefunction_grid=" 44 84 348"
potential_grid_refinement="2"  
  
#******* CONTROL OPTIONS *******  
start_mode          ="LCAO Start"  
calculation_mode    ="Relax Structure"
kohn_sham_solver    ="davidson"  
subdiag_driver      ="auto"  
#auto: if cuda available, use cusolver, otherwise use lapack for n<128 and scaplack for large system  
cube_rho = "True"  
cell_relax = "true"
  
#********* K POINT SETUP *********  
kpoint_mesh = "1 1 1"  
kpoint_is_shift = "0 0 0"  
  
#******* Pseudopotentials *******   
internal_pseudo_type = "nc_accuracy"  
#use Optimized Norm-Conserving Vanderbilt (ONCV) pseudopotenitals  
#those pseudopotentials are built in with RMG  
write_pseudopotential_plots ="False"  
  
#*****Exchange Correlation ******  
exchange_correlation_type="AUTO_XC"  
#AUTO_XC: XC will be determined from pseudopotential  
  
#****  LATTICE and ATOMS  ****   
bravais_lattice_type="None"  
crds_units = "Angstrom"  
lattice_units = "Angstrom"  
lattice_vector="  
 5.466933260000e+00  0.000000000000e+00  0.000000000000e+00   
 0.000000000000e+00  1.050264830000e+01  0.000000000000e+00   
 0.000000000000e+00  0.000000000000e+00  4.420553976000e+01   
"  
atomic_coordinate_type = "Absolute"  
atoms="  
C  4.136907025950e+00 8.433063790480e+00 5.740009929260e-01  1 1 1   0.00   0.00   0.00  
H  5.228506033540e+00 8.424206650040e+00 5.788373150460e-01  1 1 1   0.00   0.00   0.00  
C  1.826555458420e+00 2.056294216480e+00 8.867066759820e-01  1 1 1   0.00   0.00   0.00  
F  3.200684954320e+00 2.029985327980e+00 9.120279798850e-01  1 1 1   0.00   0.00   0.00  
H  3.820911751610e+00 9.391022831840e+00 1.035907342020e+00  1 1 1   0.00   0.00   0.00  
Cl  4.195613385400e+00 5.678236423660e+00 9.599711701090e-01  1 1 1   0.00   0.00   0.00  
Cl  1.271319879810e+00 4.269122879070e-01 1.495892088130e+00  1 1 1   0.00   0.00   0.00  
H  1.646021621230e+00 4.139698706580e+00 1.419955991740e+00  1 1 1   0.00   0.00   0.00  
F  2.266248179220e+00 7.281309735300e+00 1.543835335600e+00  1 1 1   0.00   0.00   0.00  
C  3.640377927440e+00 7.307618483780e+00 1.569156736310e+00  1 1 1   0.00   0.00   0.00  
H  2.384276117640e-01 3.172882536410e+00 1.877025996080e+00  1 1 1   0.00   0.00   0.00  
C  1.330025711740e+00 3.181739487710e+00 1.881862292160e+00  1 1 1   0.00   0.00   0.00  
C  4.152078501700e+00 7.341706161160e+00 3.012084793320e+00  1 1 1   0.00   0.00   0.00  
H  5.251933745310e+00 7.279433146540e+00 3.061913628850e+00  1 1 1   0.00   0.00   0.00  
C  1.767656045040e+00 3.256999931890e+00 3.416713811030e+00  1 1 1   0.00   0.00   0.00  
F  3.124494219470e+00 3.327625225080e+00 3.437086275020e+00  1 1 1   0.00   0.00   0.00  
F  3.588763732680e+00 6.201453228190e+00 3.560263656710e+00  1 1 1   0.00   0.00   0.00  
F  4.206564347910e+00 9.716891255290e+00 3.501065284790e+00  1 1 1   0.00   0.00   0.00  
F  1.290061335960e+00 4.466109641790e+00 3.884295689890e+00  1 1 1   0.00   0.00   0.00  
H  1.791627501100e+00 1.165189560280e+00 3.901899993240e+00  1 1 1   0.00   0.00   0.00  
F  2.330014764840e+00 8.633259261230e+00 3.910483377770e+00  1 1 1   0.00   0.00   0.00  
C  3.684692117570e+00 8.519396988840e+00 3.963864094410e+00  1 1 1   0.00   0.00   0.00  
F  -4.330000000000e-02 1.915233193500e+00 4.264612688270e+00  1 1 1   0.00   0.00   0.00  
C  1.322305586820e+00 2.054397496520e+00 4.363775891900e+00  1 1 1   0.00   0.00   0.00  
C  4.146801843950e+00 8.467648350510e+00 5.473893188524e+00  1 1 1   0.00   0.00   0.00  
F  5.529200000000e+00 8.540057810910e+00 5.507409061916e+00  1 1 1   0.00   0.00   0.00  
C  1.769792929280e+00 1.987023396920e+00 5.870374400308e+00  1 1 1   0.00   0.00   0.00  
F  3.127622134530e+00 1.892052679540e+00 5.886277813259e+00  1 1 1   0.00   0.00   0.00  
H  3.747621371870e+00 9.395793428600e+00 5.924740576020e+00  1 1 1   0.00   0.00   0.00  
F  4.321737135420e+00 6.116016306430e+00 5.973270441030e+00  1 1 1   0.00   0.00   0.00  
F  1.293241974150e+00 7.707406938880e-01 6.338037048720e+00  1 1 1   0.00   0.00   0.00  
H  1.796724224450e+00 4.081631045380e+00 6.361213327940e+00  1 1 1   0.00   0.00   0.00  
F  2.382617782530e+00 7.120981811040e+00 6.321213379050e+00  1 1 1   0.00   0.00   0.00  
C  3.732544724740e+00 7.269719705910e+00 6.415690701470e+00  1 1 1   0.00   0.00   0.00  
F  -3.860000000000e-02 3.322574335250e+00 6.712303704290e+00  1 1 1   0.00   0.00   0.00  
C  1.326946022890e+00 3.189844866140e+00 6.818956575400e+00  1 1 1   0.00   0.00   0.00  
C  4.152078501700e+00 7.341706161160e+00 7.923811433320e+00  1 1 1   0.00   0.00   0.00  
H  5.251933745310e+00 7.279433146540e+00 7.973640268850e+00  1 1 1   0.00   0.00   0.00  
C  1.767656045040e+00 3.256999931890e+00 8.328440451030e+00  1 1 1   0.00   0.00   0.00  
F  3.124494219470e+00 3.327625225080e+00 8.348812915020e+00  1 1 1   0.00   0.00   0.00  
F  3.588763732680e+00 6.201453228190e+00 8.471990296710e+00  1 1 1   0.00   0.00   0.00  
F  4.206564347910e+00 9.716891255290e+00 8.412791924790e+00  1 1 1   0.00   0.00   0.00  
F  1.290061335960e+00 4.466109641790e+00 8.796022329890e+00  1 1 1   0.00   0.00   0.00  
H  1.791627501100e+00 1.165189560280e+00 8.813626633240e+00  1 1 1   0.00   0.00   0.00  
F  2.330014764840e+00 8.633259261230e+00 8.822210017770e+00  1 1 1   0.00   0.00   0.00  
C  3.684692117570e+00 8.519396988840e+00 8.875590734410e+00  1 1 1   0.00   0.00   0.00  
F  -4.330000000000e-02 1.915233193500e+00 9.176339328270e+00  1 1 1   0.00   0.00   0.00  
C  1.322305586820e+00 2.054397496520e+00 9.275502531900e+00  1 1 1   0.00   0.00   0.00  
C  4.146801843950e+00 8.467648350510e+00 1.038561982852e+01  1 1 1   0.00   0.00   0.00  
F  5.529200000000e+00 8.540057810910e+00 1.041913570192e+01  1 1 1   0.00   0.00   0.00  
C  1.769792929280e+00 1.987023396920e+00 1.078210104031e+01  1 1 1   0.00   0.00   0.00  
F  3.127622134530e+00 1.892052679540e+00 1.079800445326e+01  1 1 1   0.00   0.00   0.00  
H  3.747621371870e+00 9.395793428600e+00 1.083646721602e+01  1 1 1   0.00   0.00   0.00  
F  4.321737135420e+00 6.116016306430e+00 1.088499708103e+01  1 1 1   0.00   0.00   0.00  
F  1.293241974150e+00 7.707406938880e-01 1.124976368872e+01  1 1 1   0.00   0.00   0.00  
H  1.796724224450e+00 4.081631045380e+00 1.127293996794e+01  1 1 1   0.00   0.00   0.00  
F  2.382617782530e+00 7.120981811040e+00 1.123294001905e+01  1 1 1   0.00   0.00   0.00  
C  3.732544724740e+00 7.269719705910e+00 1.132741734147e+01  1 1 1   0.00   0.00   0.00  
F  -3.860000000000e-02 3.322574335250e+00 1.162403034429e+01  1 1 1   0.00   0.00   0.00  
C  1.326946022890e+00 3.189844866140e+00 1.173068321540e+01  1 1 1   0.00   0.00   0.00  
C  4.152078501700e+00 7.341706161160e+00 1.283553807332e+01  1 1 1   0.00   0.00   0.00  
H  5.251933745310e+00 7.279433146540e+00 1.288536690885e+01  1 1 1   0.00   0.00   0.00  
C  1.767656045040e+00 3.256999931890e+00 1.324016709103e+01  1 1 1   0.00   0.00   0.00  
F  3.124494219470e+00 3.327625225080e+00 1.326053955502e+01  1 1 1   0.00   0.00   0.00  
F  3.588763732680e+00 6.201453228190e+00 1.338371693671e+01  1 1 1   0.00   0.00   0.00  
F  4.206564347910e+00 9.716891255290e+00 1.332451856479e+01  1 1 1   0.00   0.00   0.00  
F  1.290061335960e+00 4.466109641790e+00 1.370774896989e+01  1 1 1   0.00   0.00   0.00  
H  1.791627501100e+00 1.165189560280e+00 1.372535327324e+01  1 1 1   0.00   0.00   0.00  
F  2.330014764840e+00 8.633259261230e+00 1.373393665777e+01  1 1 1   0.00   0.00   0.00  
C  3.684692117570e+00 8.519396988840e+00 1.378731737441e+01  1 1 1   0.00   0.00   0.00  
F  -4.330000000000e-02 1.915233193500e+00 1.408806596827e+01  1 1 1   0.00   0.00   0.00  
C  1.322305586820e+00 2.054397496520e+00 1.418722917190e+01  1 1 1   0.00   0.00   0.00  
C  4.162870226460e+00 8.426585626560e+00 1.531172864994e+01  1 1 1   0.00   0.00   0.00  
H  5.257917496660e+00 8.482357941630e+00 1.533913423138e+01  1 1 1   0.00   0.00   0.00  
C  1.744448629220e+00 2.052178456440e+00 1.566177274700e+01  1 1 1   0.00   0.00   0.00  
F  3.117471207860e+00 1.895568998100e+00 1.572285684145e+01  1 1 1   0.00   0.00   0.00  
H  3.795178656200e+00 9.370357438770e+00 1.572939939153e+01  1 1 1   0.00   0.00   0.00  
F  4.256352887680e+00 6.110029705760e+00 1.577759868687e+01  1 1 1   0.00   0.00   0.00  
F  1.210580377270e+00 8.587055590640e-01 1.614862447493e+01  1 1 1   0.00   0.00   0.00  
H  1.671754608750e+00 4.119033292070e+00 1.619682377026e+01  1 1 1   0.00   0.00   0.00  
F  2.349462057090e+00 7.146893144800e+00 1.620336632034e+01  1 1 1   0.00   0.00   0.00  
C  3.722484635730e+00 7.303502603150e+00 1.626445041480e+01  1 1 1   0.00   0.00   0.00  
H  2.090157682880e-01 3.231033794930e+00 1.658708893042e+01  1 1 1   0.00   0.00   0.00  
C  1.304063038490e+00 3.175261479860e+00 1.661449451186e+01  1 1 1   0.00   0.00   0.00  
C  4.162870226460e+00 7.327386813540e+00 1.776759197174e+01  1 1 1   0.00   0.00   0.00  
H  5.257917496660e+00 7.271614498470e+00 1.779499755318e+01  1 1 1   0.00   0.00   0.00  
C  1.744448629220e+00 3.199145690260e+00 1.811763606880e+01  1 1 1   0.00   0.00   0.00  
F  3.117471207860e+00 3.355755148600e+00 1.817872016325e+01  1 1 1   0.00   0.00   0.00  
H  3.795178656200e+00 6.383615001330e+00 1.818526271333e+01  1 1 1   0.00   0.00   0.00  
F  4.256352887680e+00 9.643942734340e+00 1.823346200867e+01  1 1 1   0.00   0.00   0.00  
F  1.210580377270e+00 4.392618587640e+00 1.860448779672e+01  1 1 1   0.00   0.00   0.00  
H  1.671754608750e+00 1.132290854630e+00 1.865268709206e+01  1 1 1   0.00   0.00   0.00  
F  2.349462057090e+00 8.607079295300e+00 1.865922964214e+01  1 1 1   0.00   0.00   0.00  
C  3.722484635730e+00 8.450469836960e+00 1.872031373659e+01  1 1 1   0.00   0.00   0.00  
H  2.090157682880e-01 2.020290351770e+00 1.904295225221e+01  1 1 1   0.00   0.00   0.00  
C  1.304063038490e+00 2.076062666840e+00 1.907035783365e+01  1 1 1   0.00   0.00   0.00  
C  4.162870226460e+00 8.426585626560e+00 2.022345528994e+01  1 1 1   0.00   0.00   0.00  
H  5.257917496660e+00 8.482357941630e+00 2.025086087138e+01  1 1 1   0.00   0.00   0.00  
C  1.744448629220e+00 2.052178456440e+00 2.057349938700e+01  1 1 1   0.00   0.00   0.00  
F  3.117471207860e+00 1.895568998100e+00 2.063458348145e+01  1 1 1   0.00   0.00   0.00  
H  3.795178656200e+00 9.370357438770e+00 2.064112603153e+01  1 1 1   0.00   0.00   0.00  
F  4.256352887680e+00 6.110029705760e+00 2.068932532687e+01  1 1 1   0.00   0.00   0.00  
F  1.210580377270e+00 8.587055590640e-01 2.106035111493e+01  1 1 1   0.00   0.00   0.00  
H  1.671754608750e+00 4.119033292070e+00 2.110855041026e+01  1 1 1   0.00   0.00   0.00  
F  2.349462057090e+00 7.146893144800e+00 2.111509296034e+01  1 1 1   0.00   0.00   0.00  
C  3.722484635730e+00 7.303502603150e+00 2.117617705480e+01  1 1 1   0.00   0.00   0.00  
H  2.090157682880e-01 3.231033794930e+00 2.149881557042e+01  1 1 1   0.00   0.00   0.00  
C  1.304063038490e+00 3.175261479860e+00 2.152622115186e+01  1 1 1   0.00   0.00   0.00  
C  4.162870226460e+00 7.327386813540e+00 2.267931861174e+01  1 1 1   0.00   0.00   0.00  
H  5.257917496660e+00 7.271614498470e+00 2.270672419318e+01  1 1 1   0.00   0.00   0.00  
C  1.744448629220e+00 3.199145690260e+00 2.302936270880e+01  1 1 1   0.00   0.00   0.00  
F  3.117471207860e+00 3.355755148600e+00 2.309044680325e+01  1 1 1   0.00   0.00   0.00  
H  3.795178656200e+00 6.383615001330e+00 2.309698935333e+01  1 1 1   0.00   0.00   0.00  
F  4.256352887680e+00 9.643942734340e+00 2.314518864867e+01  1 1 1   0.00   0.00   0.00  
F  1.210580377270e+00 4.392618587640e+00 2.351621443672e+01  1 1 1   0.00   0.00   0.00  
H  1.671754608750e+00 1.132290854630e+00 2.356441373206e+01  1 1 1   0.00   0.00   0.00  
F  2.349462057090e+00 8.607079295300e+00 2.357095628214e+01  1 1 1   0.00   0.00   0.00  
C  3.722484635730e+00 8.450469836960e+00 2.363204037659e+01  1 1 1   0.00   0.00   0.00  
H  2.090157682880e-01 2.020290351770e+00 2.395467889221e+01  1 1 1   0.00   0.00   0.00  
C  1.304063038490e+00 2.076062666840e+00 2.398208447365e+01  1 1 1   0.00   0.00   0.00  
C  4.162870226460e+00 8.426585626560e+00 2.513518192994e+01  1 1 1   0.00   0.00   0.00  
H  5.257917496660e+00 8.482357941630e+00 2.516258751138e+01  1 1 1   0.00   0.00   0.00  
C  1.744448629220e+00 2.052178456440e+00 2.548522602700e+01  1 1 1   0.00   0.00   0.00  
F  3.117471207860e+00 1.895568998100e+00 2.554631012145e+01  1 1 1   0.00   0.00   0.00  
H  3.795178656200e+00 9.370357438770e+00 2.555285267153e+01  1 1 1   0.00   0.00   0.00  
F  4.256352887680e+00 6.110029705760e+00 2.560105196687e+01  1 1 1   0.00   0.00   0.00  
F  1.210580377270e+00 8.587055590640e-01 2.597207775493e+01  1 1 1   0.00   0.00   0.00  
H  1.671754608750e+00 4.119033292070e+00 2.602027705026e+01  1 1 1   0.00   0.00   0.00  
F  2.349462057090e+00 7.146893144800e+00 2.602681960034e+01  1 1 1   0.00   0.00   0.00  
C  3.722484635730e+00 7.303502603150e+00 2.608790369480e+01  1 1 1   0.00   0.00   0.00  
H  2.090157682880e-01 3.231033794930e+00 2.641054221042e+01  1 1 1   0.00   0.00   0.00  
C  1.304063038490e+00 3.175261479860e+00 2.643794779186e+01  1 1 1   0.00   0.00   0.00  
C  4.162870226460e+00 7.327386813540e+00 2.759104525174e+01  1 1 1   0.00   0.00   0.00  
H  5.257917496660e+00 7.271614498470e+00 2.761845083318e+01  1 1 1   0.00   0.00   0.00  
C  1.744448629220e+00 3.199145690260e+00 2.794108934880e+01  1 1 1   0.00   0.00   0.00  
F  3.117471207860e+00 3.355755148600e+00 2.800217344325e+01  1 1 1   0.00   0.00   0.00  
H  3.795178656200e+00 6.383615001330e+00 2.800871599333e+01  1 1 1   0.00   0.00   0.00  
F  4.256352887680e+00 9.643942734340e+00 2.805691528867e+01  1 1 1   0.00   0.00   0.00  
F  1.210580377270e+00 4.392618587640e+00 2.842794107672e+01  1 1 1   0.00   0.00   0.00  
H  1.671754608750e+00 1.132290854630e+00 2.847614037206e+01  1 1 1   0.00   0.00   0.00  
F  2.349462057090e+00 8.607079295300e+00 2.848268292214e+01  1 1 1   0.00   0.00   0.00  
C  3.722484635730e+00 8.450469836960e+00 2.854376701659e+01  1 1 1   0.00   0.00   0.00  
H  2.090157682880e-01 2.020290351770e+00 2.886640553221e+01  1 1 1   0.00   0.00   0.00  
C  1.304063038490e+00 2.076062666840e+00 2.889381111365e+01  1 1 1   0.00   0.00   0.00  
C  4.162870226460e+00 8.426585626560e+00 3.004690856994e+01  1 1 1   0.00   0.00   0.00  
H  5.257917496660e+00 8.482357941630e+00 3.007431415138e+01  1 1 1   0.00   0.00   0.00  
C  1.744448629220e+00 2.052178456440e+00 3.039695266700e+01  1 1 1   0.00   0.00   0.00  
F  3.117471207860e+00 1.895568998100e+00 3.045803676145e+01  1 1 1   0.00   0.00   0.00  
H  3.795178656200e+00 9.370357438770e+00 3.046457931153e+01  1 1 1   0.00   0.00   0.00  
F  4.256352887680e+00 6.110029705760e+00 3.051277860687e+01  1 1 1   0.00   0.00   0.00  
F  1.210580377270e+00 8.587055590640e-01 3.088380439493e+01  1 1 1   0.00   0.00   0.00  
H  1.671754608750e+00 4.119033292070e+00 3.093200369026e+01  1 1 1   0.00   0.00   0.00  
F  2.349462057090e+00 7.146893144800e+00 3.093854624034e+01  1 1 1   0.00   0.00   0.00  
C  3.722484635730e+00 7.303502603150e+00 3.099963033480e+01  1 1 1   0.00   0.00   0.00  
H  2.090157682880e-01 3.231033794930e+00 3.132226885042e+01  1 1 1   0.00   0.00   0.00  
C  1.304063038490e+00 3.175261479860e+00 3.134967443186e+01  1 1 1   0.00   0.00   0.00  
C  4.162870226460e+00 7.327386813540e+00 3.250277189174e+01  1 1 1   0.00   0.00   0.00  
H  5.257917496660e+00 7.271614498470e+00 3.253017747318e+01  1 1 1   0.00   0.00   0.00  
C  1.744448629220e+00 3.199145690260e+00 3.285281598880e+01  1 1 1   0.00   0.00   0.00  
F  3.117471207860e+00 3.355755148600e+00 3.291390008325e+01  1 1 1   0.00   0.00   0.00  
H  3.795178656200e+00 6.383615001330e+00 3.292044263333e+01  1 1 1   0.00   0.00   0.00  
F  4.256352887680e+00 9.643942734340e+00 3.296864192867e+01  1 1 1   0.00   0.00   0.00  
F  1.210580377270e+00 4.392618587640e+00 3.333966771672e+01  1 1 1   0.00   0.00   0.00  
H  1.671754608750e+00 1.132290854630e+00 3.338786701206e+01  1 1 1   0.00   0.00   0.00  
F  2.349462057090e+00 8.607079295300e+00 3.339440956214e+01  1 1 1   0.00   0.00   0.00  
C  3.722484635730e+00 8.450469836960e+00 3.345549365659e+01  1 1 1   0.00   0.00   0.00  
H  2.090157682880e-01 2.020290351770e+00 3.377813217221e+01  1 1 1   0.00   0.00   0.00  
C  1.304063038490e+00 2.076062666840e+00 3.380553775365e+01  1 1 1   0.00   0.00   0.00  
C  4.162870226460e+00 8.426585626560e+00 3.495863520994e+01  1 1 1   0.00   0.00   0.00  
H  5.257917496660e+00 8.482357941630e+00 3.498604079138e+01  1 1 1   0.00   0.00   0.00  
C  1.744448629220e+00 2.052178456440e+00 3.530867930700e+01  1 1 1   0.00   0.00   0.00  
F  3.117471207860e+00 1.895568998100e+00 3.536976340145e+01  1 1 1   0.00   0.00   0.00  
H  3.795178656200e+00 9.370357438770e+00 3.537630595153e+01  1 1 1   0.00   0.00   0.00  
F  4.256352887680e+00 6.110029705760e+00 3.542450524687e+01  1 1 1   0.00   0.00   0.00  
F  1.210580377270e+00 8.587055590640e-01 3.579553103493e+01  1 1 1   0.00   0.00   0.00  
H  1.671754608750e+00 4.119033292070e+00 3.584373033026e+01  1 1 1   0.00   0.00   0.00  
F  2.349462057090e+00 7.146893144800e+00 3.585027288034e+01  1 1 1   0.00   0.00   0.00  
C  3.722484635730e+00 7.303502603150e+00 3.591135697480e+01  1 1 1   0.00   0.00   0.00  
H  2.090157682880e-01 3.231033794930e+00 3.623399549042e+01  1 1 1   0.00   0.00   0.00  
C  1.304063038490e+00 3.175261479860e+00 3.626140107186e+01  1 1 1   0.00   0.00   0.00  
C  4.162870226460e+00 7.327386813540e+00 3.741449853174e+01  1 1 1   0.00   0.00   0.00  
H  5.257917496660e+00 7.271614498470e+00 3.744190411318e+01  1 1 1   0.00   0.00   0.00  
C  1.744448629220e+00 3.199145690260e+00 3.776454262880e+01  1 1 1   0.00   0.00   0.00  
F  3.117471207860e+00 3.355755148600e+00 3.782562672325e+01  1 1 1   0.00   0.00   0.00  
H  3.795178656200e+00 6.383615001330e+00 3.783216927333e+01  1 1 1   0.00   0.00   0.00  
F  4.256352887680e+00 9.643942734340e+00 3.788036856867e+01  1 1 1   0.00   0.00   0.00  
F  1.210580377270e+00 4.392618587640e+00 3.825139435672e+01  1 1 1   0.00   0.00   0.00  
H  1.671754608750e+00 1.132290854630e+00 3.829959365206e+01  1 1 1   0.00   0.00   0.00  
F  2.349462057090e+00 8.607079295300e+00 3.830613620214e+01  1 1 1   0.00   0.00   0.00  
C  3.722484635730e+00 8.450469836960e+00 3.836722029659e+01  1 1 1   0.00   0.00   0.00  
H  2.090157682880e-01 2.020290351770e+00 3.868985881221e+01  1 1 1   0.00   0.00   0.00  
C  1.304063038490e+00 2.076062666840e+00 3.871726439365e+01  1 1 1   0.00   0.00   0.00  
C  4.162870226460e+00 8.426585626560e+00 3.987036184994e+01  1 1 1   0.00   0.00   0.00  
H  5.257917496660e+00 8.482357941630e+00 3.989776743138e+01  1 1 1   0.00   0.00   0.00  
C  1.744448629220e+00 2.052178456440e+00 4.022040594700e+01  1 1 1   0.00   0.00   0.00  
F  3.117471207860e+00 1.895568998100e+00 4.028149004145e+01  1 1 1   0.00   0.00   0.00  
H  3.795178656200e+00 9.370357438770e+00 4.028803259153e+01  1 1 1   0.00   0.00   0.00  
F  4.256352887680e+00 6.110029705760e+00 4.033623188687e+01  1 1 1   0.00   0.00   0.00  
F  1.210580377270e+00 8.587055590640e-01 4.070725767493e+01  1 1 1   0.00   0.00   0.00  
H  1.671754608750e+00 4.119033292070e+00 4.075545697026e+01  1 1 1   0.00   0.00   0.00  
F  2.349462057090e+00 7.146893144800e+00 4.076199952034e+01  1 1 1   0.00   0.00   0.00  
C  3.722484635730e+00 7.303502603150e+00 4.082308361480e+01  1 1 1   0.00   0.00   0.00  
H  2.090157682880e-01 3.231033794930e+00 4.114572213042e+01  1 1 1   0.00   0.00   0.00  
C  1.304063038490e+00 3.175261479860e+00 4.117312771186e+01  1 1 1   0.00   0.00   0.00  
C  4.162870226460e+00 7.327386813540e+00 4.232622517174e+01  1 1 1   0.00   0.00   0.00  
H  5.257917496660e+00 7.271614498470e+00 4.235363075318e+01  1 1 1   0.00   0.00   0.00  
C  1.744448629220e+00 3.199145690260e+00 4.267626926880e+01  1 1 1   0.00   0.00   0.00  
F  3.117471207860e+00 3.355755148600e+00 4.273735336325e+01  1 1 1   0.00   0.00   0.00  
H  3.795178656200e+00 6.383615001330e+00 4.274389591333e+01  1 1 1   0.00   0.00   0.00  
F  4.256352887680e+00 9.643942734340e+00 4.279209520867e+01  1 1 1   0.00   0.00   0.00  
F  1.210580377270e+00 4.392618587640e+00 4.316312099672e+01  1 1 1   0.00   0.00   0.00  
H  1.671754608750e+00 1.132290854630e+00 4.321132029206e+01  1 1 1   0.00   0.00   0.00  
F  2.349462057090e+00 8.607079295300e+00 4.321786284214e+01  1 1 1   0.00   0.00   0.00  
C  3.722484635730e+00 8.450469836960e+00 4.327894693659e+01  1 1 1   0.00   0.00   0.00  
H  2.090157682880e-01 2.020290351770e+00 4.360158545221e+01  1 1 1   0.00   0.00   0.00  
C  1.304063038490e+00 2.076062666840e+00 4.362899103365e+01  1 1 1   0.00   0.00   0.00  
"  
