description="final.xyz"  
#******** REAL SPACE GRID ********   
wavefunction_grid="60 32 596"  
potential_grid_refinement="2"  
processor_grid = "4 2 16 "

  
#******* CONTROL OPTIONS *******  
start_mode          ="Restart From File"  
start_mode          ="LCAO Start"  
calculation_mode    ="Relax Structure  "  
kohn_sham_solver    ="multigrid"  
subdiag_driver      ="auto"  
#auto: if cuda available, use cusolver, otherwise use lapack for n<128 and scaplack for large system  
cube_rho = "True"  
#stress = "true"

charge_density_mixing = "0.10000000"

  
#********* K POINT SETUP *********  
kpoint_mesh = "1 1 1"  
kpoint_is_shift = "0 0 0"  
  
#******* Pseudopotentials *******   
internal_pseudo_type = "nc_accuracy"  
#use Optimized Norm-Conserving Vanderbilt (ONCV) pseudopotenitals  
#those pseudopotentials are built in with RMG  
write_pseudopotential_plots ="False"  
  
#*****Exchange Correlation ******  
exchange_correlation_type="VDW-DF"  
  
#****  LATTICE and ATOMS  ****   
bravais_lattice_type="None"  
crds_units = "Angstrom"  
lattice_units = "Angstrom"  
lattice_vector="  
 9.123221000000e+00  0.000000000000e+00  0.000000000000e+00   
 0.000000000000e+00  4.767083000000e+00  0.000000000000e+00   
 0.000000000000e+00  0.000000000000e+00  9.459441200000e+01   
"  
atomic_coordinate_type = "Absolute"  
atoms="  
C  4.347780000000e-01 2.783320000000e+00 -3.309300000000e-01  1 1 1   0.00   0.00   0.00  
C  4.232212000000e+00 -5.398370000000e-01 4.560691000000e+01  1 1 1   0.00   0.00   0.00  
C  -6.434000000000e-03 1.957198000000e+00 9.830700000000e-01  1 1 1   0.00   0.00   0.00  
C  4.336641000000e+00 4.242573000000e+00 9.612850000000e-01  1 1 1   0.00   0.00   0.00  
Cl  1.743733000000e+00 3.152005000000e+00 -1.547010000000e-01  1 1 1   0.00   0.00   0.00  
F  8.811339000000e+00 3.977760000000e+00 -3.982870000000e-01  1 1 1   0.00   0.00   0.00  
Cl  3.899907000000e+00 -1.883352000000e+00 -1.736095000000e+00  1 1 1   0.00   0.00   0.00  
F  6.128661000000e+00 -1.347216000000e+00 -1.542143000000e+00  1 1 1   0.00   0.00   0.00  
H  8.280602000000e+00 1.439176000000e+00 7.074950000000e-01  1 1 1   0.00   0.00   0.00  
H  7.740330000000e-01 1.268752000000e+00 1.257039000000e+00  1 1 1   0.00   0.00   0.00  
H  3.581611000000e+00 3.496043000000e+00 9.508280000000e-01  1 1 1   0.00   0.00   0.00  
H  5.246015000000e+00 3.815958000000e+00 1.154600000000e+00  1 1 1   0.00   0.00   0.00  
C  -4.070360000000e-01 2.786920000000e+00 2.208263000000e+00  1 1 1   0.00   0.00   0.00  
C  4.042403000000e+00 5.250319000000e+00 2.015346000000e+00  1 1 1   0.00   0.00   0.00  
C  -5.978820000000e-01 1.925572000000e+00 3.559463000000e+00  1 1 1   0.00   0.00   0.00  
C  3.970657000000e+00 4.401476000000e+00 3.478964000000e+00  1 1 1   0.00   0.00   0.00  
F  6.135260000000e-01 3.738849000000e+00 2.393667000000e+00  1 1 1   0.00   0.00   0.00  
F  7.568482000000e+00 3.494520000000e+00 1.984581000000e+00  1 1 1   0.00   0.00   0.00  
F  5.115375000000e+00 1.392825000000e+00 2.022471000000e+00  1 1 1   0.00   0.00   0.00  
F  2.882934000000e+00 1.172825000000e+00 1.758944000000e+00  1 1 1   0.00   0.00   0.00  
F  7.433311000000e+00 9.401420000000e-01 3.429044000000e+00  1 1 1   0.00   0.00   0.00  
H  1.888150000000e-01 1.268346000000e+00 3.737326000000e+00  1 1 1   0.00   0.00   0.00  
F  3.000998000000e+00 3.367266000000e+00 3.375076000000e+00  1 1 1   0.00   0.00   0.00  
H  4.904785000000e+00 4.008553000000e+00 3.571292000000e+00  1 1 1   0.00   0.00   0.00  
C  -7.818980000000e-01 2.820724000000e+00 4.803897000000e+00  1 1 1   0.00   0.00   0.00  
C  3.688959000000e+00 4.914310000000e-01 4.720972000000e+00  1 1 1   0.00   0.00   0.00  
C  -7.590980000000e-01 1.994762000000e+00 6.131303000000e+00  1 1 1   0.00   0.00   0.00  
C  3.808454000000e+00 4.407270000000e+00 6.048013000000e+00  1 1 1   0.00   0.00   0.00  
F  1.015790000000e-01 3.846057000000e+00 4.858928000000e+00  1 1 1   0.00   0.00   0.00  
F  7.056413000000e+00 3.335077000000e+00 4.762502000000e+00  1 1 1   0.00   0.00   0.00  
F  4.557736000000e+00 1.566647000000e+00 4.793169000000e+00  1 1 1   0.00   0.00   0.00  
F  2.369559000000e+00 9.964010000000e-01 4.616534000000e+00  1 1 1   0.00   0.00   0.00  
F  7.320576000000e+00 8.983540000000e-01 6.075302000000e+00  1 1 1   0.00   0.00   0.00  
H  2.307910000000e-01 1.536149000000e+00 6.058585000000e+00  1 1 1   0.00   0.00   0.00  
F  2.875496000000e+00 3.231800000000e+00 6.023222000000e+00  1 1 1   0.00   0.00   0.00  
H  4.805676000000e+00 3.996952000000e+00 6.130684000000e+00  1 1 1   0.00   0.00   0.00  
C  -8.747360000000e-01 2.779492000000e+00 7.461758000000e+00  1 1 1   0.00   0.00   0.00  
C  3.591320000000e+00 4.587970000000e-01 7.336374000000e+00  1 1 1   0.00   0.00   0.00  
C  -7.810360000000e-01 1.930994000000e+00 8.826733000000e+00  1 1 1   0.00   0.00   0.00  
C  3.698885000000e+00 4.375863000000e+00 8.732511000000e+00  1 1 1   0.00   0.00   0.00  
F  7.867800000000e-02 3.807237000000e+00 7.450286000000e+00  1 1 1   0.00   0.00   0.00  
F  7.024487000000e+00 3.460075000000e+00 7.458426000000e+00  1 1 1   0.00   0.00   0.00  
F  4.508768000000e+00 1.524684000000e+00 7.385407000000e+00  1 1 1   0.00   0.00   0.00  
F  2.317238000000e+00 1.109682000000e+00 7.284106000000e+00  1 1 1   0.00   0.00   0.00  
F  7.300875000000e+00 9.219920000000e-01 8.886982000000e+00  1 1 1   0.00   0.00   0.00  
H  1.729540000000e-01 1.461809000000e+00 8.890925000000e+00  1 1 1   0.00   0.00   0.00  
F  2.732157000000e+00 3.284810000000e+00 8.717254000000e+00  1 1 1   0.00   0.00   0.00  
H  4.647814000000e+00 3.964467000000e+00 8.614610000000e+00  1 1 1   0.00   0.00   0.00  
C  -8.408120000000e-01 2.824846000000e+00 1.014776400000e+01  1 1 1   0.00   0.00   0.00  
C  3.620862000000e+00 4.358770000000e-01 1.004394100000e+01  1 1 1   0.00   0.00   0.00  
C  -6.223540000000e-01 2.068774000000e+00 1.146016200000e+01  1 1 1   0.00   0.00   0.00  
C  3.877656000000e+00 4.336520000000e+00 1.134730300000e+01  1 1 1   0.00   0.00   0.00  
F  4.325100000000e-02 3.844414000000e+00 1.006247800000e+01  1 1 1   0.00   0.00   0.00  
F  7.018852000000e+00 3.364473000000e+00 1.021307000000e+01  1 1 1   0.00   0.00   0.00  
F  4.558358000000e+00 1.454100000000e+00 1.007721000000e+01  1 1 1   0.00   0.00   0.00  
F  2.353824000000e+00 1.024526000000e+00 1.012918200000e+01  1 1 1   0.00   0.00   0.00  
F  7.503230000000e+00 9.174620000000e-01 1.149638100000e+01  1 1 1   0.00   0.00   0.00  
H  3.486850000000e-01 1.569801000000e+00 1.145481300000e+01  1 1 1   0.00   0.00   0.00  
F  2.916254000000e+00 3.170022000000e+00 1.137519200000e+01  1 1 1   0.00   0.00   0.00  
H  4.818562000000e+00 3.928879000000e+00 1.133685600000e+01  1 1 1   0.00   0.00   0.00  
C  -7.252700000000e-01 2.991450000000e+00 1.271081500000e+01  1 1 1   0.00   0.00   0.00  
C  3.714634000000e+00 3.741020000000e-01 1.268236700000e+01  1 1 1   0.00   0.00   0.00  
C  -5.571900000000e-01 2.078773000000e+00 1.401101900000e+01  1 1 1   0.00   0.00   0.00  
C  3.938006000000e+00 4.259077000000e+00 1.397514600000e+01  1 1 1   0.00   0.00   0.00  
F  2.489290000000e-01 3.989317000000e+00 1.262510900000e+01  1 1 1   0.00   0.00   0.00  
F  7.098327000000e+00 3.584592000000e+00 1.278228100000e+01  1 1 1   0.00   0.00   0.00  
F  4.664006000000e+00 1.399929000000e+00 1.268291800000e+01  1 1 1   0.00   0.00   0.00  
F  2.461233000000e+00 9.722750000000e-01 1.274442000000e+01  1 1 1   0.00   0.00   0.00  
F  7.546426000000e+00 1.054167000000e+00 1.404361500000e+01  1 1 1   0.00   0.00   0.00  
H  4.021230000000e-01 1.590226000000e+00 1.402413600000e+01  1 1 1   0.00   0.00   0.00  
F  2.855312000000e+00 3.294440000000e+00 1.408747200000e+01  1 1 1   0.00   0.00   0.00  
H  4.965831000000e+00 3.822278000000e+00 1.395473600000e+01  1 1 1   0.00   0.00   0.00  
C  -5.396330000000e-01 2.857712000000e+00 1.540870900000e+01  1 1 1   0.00   0.00   0.00  
C  3.989128000000e+00 3.793490000000e-01 1.533144400000e+01  1 1 1   0.00   0.00   0.00  
C  -2.820210000000e-01 1.990725000000e+00 1.666512900000e+01  1 1 1   0.00   0.00   0.00  
C  4.367048000000e+00 4.335993000000e+00 1.657381700000e+01  1 1 1   0.00   0.00   0.00  
F  4.346600000000e-01 3.838763000000e+00 1.530152600000e+01  1 1 1   0.00   0.00   0.00  
F  7.424298000000e+00 3.586695000000e+00 1.562358300000e+01  1 1 1   0.00   0.00   0.00  
F  4.972723000000e+00 1.344393000000e+00 1.523984800000e+01  1 1 1   0.00   0.00   0.00  
F  2.763075000000e+00 1.007920000000e+00 1.551142100000e+01  1 1 1   0.00   0.00   0.00  
H  5.204940000000e-01 1.319259000000e+00 1.643002500000e+01  1 1 1   0.00   0.00   0.00  
H  7.963360000000e+00 1.365645000000e+00 1.683999100000e+01  1 1 1   0.00   0.00   0.00  
H  3.749096000000e+00 3.501106000000e+00 1.663588600000e+01  1 1 1   0.00   0.00   0.00  
H  5.357640000000e+00 3.891005000000e+00 1.642342100000e+01  1 1 1   0.00   0.00   0.00  
C  5.905000000000e-03 2.806216000000e+00 1.794792100000e+01  1 1 1   0.00   0.00   0.00  
C  4.294113000000e+00 3.635020000000e-01 1.791895900000e+01  1 1 1   0.00   0.00   0.00  
C  -1.299580000000e-01 1.943522000000e+00 1.924028400000e+01  1 1 1   0.00   0.00   0.00  
C  4.514864000000e+00 4.261346000000e+00 1.923878600000e+01  1 1 1   0.00   0.00   0.00  
F  1.289372000000e+00 3.366093000000e+00 1.785448300000e+01  1 1 1   0.00   0.00   0.00  
F  8.240865000000e+00 3.839021000000e+00 1.808313500000e+01  1 1 1   0.00   0.00   0.00  
F  5.308394000000e+00 1.361669000000e+00 1.787039000000e+01  1 1 1   0.00   0.00   0.00  
F  3.057948000000e+00 1.001919000000e+00 1.807956100000e+01  1 1 1   0.00   0.00   0.00  
H  7.384990000000e-01 1.251202000000e+00 1.927696200000e+01  1 1 1   0.00   0.00   0.00  
H  8.129093000000e+00 1.297058000000e+00 1.927752800000e+01  1 1 1   0.00   0.00   0.00  
H  3.560986000000e+00 3.712431000000e+00 1.944343100000e+01  1 1 1   0.00   0.00   0.00  
H  5.304177000000e+00 3.538000000000e+00 1.904970900000e+01  1 1 1   0.00   0.00   0.00  
C  -1.907450000000e-01 2.808109000000e+00 2.051180800000e+01  1 1 1   0.00   0.00   0.00  
C  4.741922000000e+00 3.496860000000e-01 2.054442200000e+01  1 1 1   0.00   0.00   0.00  
C  -2.738200000000e-02 1.954087000000e+00 2.182313800000e+01  1 1 1   0.00   0.00   0.00  
C  4.756201000000e+00 4.335605000000e+00 2.189841000000e+01  1 1 1   0.00   0.00   0.00  
F  8.301580000000e-01 3.772763000000e+00 2.046940400000e+01  1 1 1   0.00   0.00   0.00  
F  7.754784000000e+00 3.546711000000e+00 2.057736000000e+01  1 1 1   0.00   0.00   0.00  
F  5.993634000000e+00 1.032262000000e+00 2.045544500000e+01  1 1 1   0.00   0.00   0.00  
F  3.693047000000e+00 1.300211000000e+00 2.063224400000e+01  1 1 1   0.00   0.00   0.00  
H  7.714590000000e-01 1.177338000000e+00 2.175729700000e+01  1 1 1   0.00   0.00   0.00  
H  8.217457000000e+00 1.421849000000e+00 2.198971500000e+01  1 1 1   0.00   0.00   0.00  
H  3.889448000000e+00 3.723697000000e+00 2.183213000000e+01  1 1 1   0.00   0.00   0.00  
H  5.534305000000e+00 3.600372000000e+00 2.192052700000e+01  1 1 1   0.00   0.00   0.00  
C  2.100320000000e-01 2.773634000000e+00 2.311956800000e+01  1 1 1   0.00   0.00   0.00  
C  4.722241000000e+00 3.414790000000e-01 2.324950500000e+01  1 1 1   0.00   0.00   0.00  
C  4.295870000000e-01 1.893674000000e+00 2.436710900000e+01  1 1 1   0.00   0.00   0.00  
C  4.709799000000e+00 4.234880000000e+00 2.458780600000e+01  1 1 1   0.00   0.00   0.00  
F  1.318692000000e+00 3.601673000000e+00 2.296054400000e+01  1 1 1   0.00   0.00   0.00  
F  8.182807000000e+00 3.628068000000e+00 2.325949300000e+01  1 1 1   0.00   0.00   0.00  
F  5.811337000000e+00 1.174337000000e+00 2.326295200000e+01  1 1 1   0.00   0.00   0.00  
F  3.597515000000e+00 1.163858000000e+00 2.316537700000e+01  1 1 1   0.00   0.00   0.00  
H  1.407946000000e+00 1.388250000000e+00 2.431300900000e+01  1 1 1   0.00   0.00   0.00  
H  8.768368000000e+00 1.179019000000e+00 2.438293900000e+01  1 1 1   0.00   0.00   0.00  
H  3.882535000000e+00 3.577660000000e+00 2.461176300000e+01  1 1 1   0.00   0.00   0.00  
H  5.558327000000e+00 3.621538000000e+00 2.459142800000e+01  1 1 1   0.00   0.00   0.00  
C  5.266090000000e-01 2.592120000000e+00 2.575806400000e+01  1 1 1   0.00   0.00   0.00  
C  4.764462000000e+00 2.301300000000e-01 2.591224800000e+01  1 1 1   0.00   0.00   0.00  
C  4.309700000000e-01 1.737627000000e+00 2.706479200000e+01  1 1 1   0.00   0.00   0.00  
C  4.877492000000e+00 4.054371000000e+00 2.722997700000e+01  1 1 1   0.00   0.00   0.00  
F  1.775474000000e+00 3.201991000000e+00 2.574803300000e+01  1 1 1   0.00   0.00   0.00  
F  8.674564000000e+00 3.528613000000e+00 2.584456200000e+01  1 1 1   0.00   0.00   0.00  
F  5.913117000000e+00 1.096663000000e+00 2.588576300000e+01  1 1 1   0.00   0.00   0.00  
F  3.648694000000e+00 1.016262000000e+00 2.600059100000e+01  1 1 1   0.00   0.00   0.00  
H  1.409940000000e+00 1.266591000000e+00 2.708857500000e+01  1 1 1   0.00   0.00   0.00  
H  8.729730000000e+00 1.062663000000e+00 2.705250200000e+01  1 1 1   0.00   0.00   0.00  
H  4.047189000000e+00 3.425019000000e+00 2.728726800000e+01  1 1 1   0.00   0.00   0.00  
H  5.762634000000e+00 3.502597000000e+00 2.711687500000e+01  1 1 1   0.00   0.00   0.00  
C  3.263660000000e-01 2.464488000000e+00 2.843067600000e+01  1 1 1   0.00   0.00   0.00  
C  4.878483000000e+00 1.093110000000e-01 2.855365000000e+01  1 1 1   0.00   0.00   0.00  
C  3.695050000000e-01 1.561786000000e+00 2.967691300000e+01  1 1 1   0.00   0.00   0.00  
C  4.946752000000e+00 3.914998000000e+00 2.982682500000e+01  1 1 1   0.00   0.00   0.00  
F  1.329463000000e+00 3.422096000000e+00 2.849864200000e+01  1 1 1   0.00   0.00   0.00  
F  8.208473000000e+00 3.139873000000e+00 2.845052600000e+01  1 1 1   0.00   0.00   0.00  
F  6.058237000000e+00 9.037440000000e-01 2.854228100000e+01  1 1 1   0.00   0.00   0.00  
F  3.798854000000e+00 8.983760000000e-01 2.862823500000e+01  1 1 1   0.00   0.00   0.00  
H  1.214750000000e+00 8.764510000000e-01 2.953469700000e+01  1 1 1   0.00   0.00   0.00  
H  8.644507000000e+00 9.019500000000e-01 2.986188200000e+01  1 1 1   0.00   0.00   0.00  
H  4.069366000000e+00 3.277960000000e+00 2.987810200000e+01  1 1 1   0.00   0.00   0.00  
H  5.789685000000e+00 3.348177000000e+00 2.966946800000e+01  1 1 1   0.00   0.00   0.00  
C  6.134940000000e-01 2.356318000000e+00 3.100863300000e+01  1 1 1   0.00   0.00   0.00  
C  5.118199000000e+00 -7.323700000000e-02 3.120866400000e+01  1 1 1   0.00   0.00   0.00  
C  3.908950000000e-01 1.538239000000e+00 3.233220600000e+01  1 1 1   0.00   0.00   0.00  
C  4.923996000000e+00 3.850297000000e+00 3.249358400000e+01  1 1 1   0.00   0.00   0.00  
F  1.838699000000e+00 2.937299000000e+00 3.099306900000e+01  1 1 1   0.00   0.00   0.00  
F  8.829260000000e+00 3.425792000000e+00 3.099312900000e+01  1 1 1   0.00   0.00   0.00  
F  6.398265000000e+00 5.114000000000e-01 3.116349200000e+01  1 1 1   0.00   0.00   0.00  
F  4.223478000000e+00 9.935450000000e-01 3.121797700000e+01  1 1 1   0.00   0.00   0.00  
H  1.128822000000e+00 7.346780000000e-01 3.246080400000e+01  1 1 1   0.00   0.00   0.00  
H  8.578646000000e+00 1.119948000000e+00 3.223918900000e+01  1 1 1   0.00   0.00   0.00  
H  3.964442000000e+00 3.403538000000e+00 3.248669300000e+01  1 1 1   0.00   0.00   0.00  
H  5.670133000000e+00 3.038169000000e+00 3.250774200000e+01  1 1 1   0.00   0.00   0.00  
C  3.350990000000e-01 2.377535000000e+00 3.368186600000e+01  1 1 1   0.00   0.00   0.00  
C  4.940706000000e+00 -9.523200000000e-02 3.387654500000e+01  1 1 1   0.00   0.00   0.00  
C  3.299200000000e-01 1.510004000000e+00 3.495904500000e+01  1 1 1   0.00   0.00   0.00  
C  4.853301000000e+00 3.907081000000e+00 3.524056300000e+01  1 1 1   0.00   0.00   0.00  
F  1.516706000000e+00 3.179951000000e+00 3.369994700000e+01  1 1 1   0.00   0.00   0.00  
F  8.311323000000e+00 3.222395000000e+00 3.360422900000e+01  1 1 1   0.00   0.00   0.00  
F  6.147729000000e+00 6.725200000000e-01 3.388281000000e+01  1 1 1   0.00   0.00   0.00  
F  3.900005000000e+00 8.082500000000e-01 3.379953400000e+01  1 1 1   0.00   0.00   0.00  
H  1.122699000000e+00 8.089580000000e-01 3.498537700000e+01  1 1 1   0.00   0.00   0.00  
H  8.564639000000e+00 9.015640000000e-01 3.488633600000e+01  1 1 1   0.00   0.00   0.00  
H  3.962041000000e+00 3.443471000000e+00 3.541434300000e+01  1 1 1   0.00   0.00   0.00  
H  5.674431000000e+00 3.190345000000e+00 3.518973400000e+01  1 1 1   0.00   0.00   0.00  
C  4.020000000000e-01 2.336738000000e+00 3.627216200000e+01  1 1 1   0.00   0.00   0.00  
C  5.021342000000e+00 1.973700000000e-02 3.650970100000e+01  1 1 1   0.00   0.00   0.00  
C  1.264890000000e-01 1.524247000000e+00 3.757646900000e+01  1 1 1   0.00   0.00   0.00  
C  4.762401000000e+00 4.036281000000e+00 3.785634100000e+01  1 1 1   0.00   0.00   0.00  
F  1.627865000000e+00 2.931143000000e+00 3.633162300000e+01  1 1 1   0.00   0.00   0.00  
F  8.548189000000e+00 3.369184000000e+00 3.623663900000e+01  1 1 1   0.00   0.00   0.00  
F  6.374118000000e+00 5.178540000000e-01 3.652181400000e+01  1 1 1   0.00   0.00   0.00  
F  4.136956000000e+00 1.067874000000e+00 3.639083100000e+01  1 1 1   0.00   0.00   0.00  
H  8.111350000000e-01 6.986840000000e-01 3.769234300000e+01  1 1 1   0.00   0.00   0.00  
H  8.253093000000e+00 1.140053000000e+00 3.746189000000e+01  1 1 1   0.00   0.00   0.00  
H  3.821351000000e+00 3.553677000000e+00 3.779333400000e+01  1 1 1   0.00   0.00   0.00  
H  5.473133000000e+00 3.270552000000e+00 3.789198200000e+01  1 1 1   0.00   0.00   0.00  
C  2.214170000000e-01 2.391128000000e+00 3.894418400000e+01  1 1 1   0.00   0.00   0.00  
C  4.713396000000e+00 1.756350000000e-01 3.910044700000e+01  1 1 1   0.00   0.00   0.00  
C  2.303560000000e-01 1.644437000000e+00 4.029042900000e+01  1 1 1   0.00   0.00   0.00  
C  4.695385000000e+00 4.201747000000e+00 4.053762900000e+01  1 1 1   0.00   0.00   0.00  
F  1.411929000000e+00 3.099554000000e+00 3.887368100000e+01  1 1 1   0.00   0.00   0.00  
F  8.228529000000e+00 3.305671000000e+00 3.893833000000e+01  1 1 1   0.00   0.00   0.00  
F  5.768535000000e+00 1.097418000000e+00 3.911322900000e+01  1 1 1   0.00   0.00   0.00  
F  3.537456000000e+00 9.128230000000e-01 3.901223100000e+01  1 1 1   0.00   0.00   0.00  
H  1.025937000000e+00 9.392380000000e-01 4.035137500000e+01  1 1 1   0.00   0.00   0.00  
H  8.528865000000e+00 9.178590000000e-01 4.024696900000e+01  1 1 1   0.00   0.00   0.00  
H  3.835842000000e+00 3.540803000000e+00 4.048900200000e+01  1 1 1   0.00   0.00   0.00  
H  5.538936000000e+00 3.612705000000e+00 4.075080300000e+01  1 1 1   0.00   0.00   0.00  
C  1.493430000000e-01 2.506199000000e+00 4.159621900000e+01  1 1 1   0.00   0.00   0.00  
C  4.603461000000e+00 3.700850000000e-01 4.174531900000e+01  1 1 1   0.00   0.00   0.00  
C  3.349170000000e-01 1.702281000000e+00 4.290068100000e+01  1 1 1   0.00   0.00   0.00  
C  4.386241000000e+00 4.323425000000e+00 4.306505000000e+01  1 1 1   0.00   0.00   0.00  
F  1.094526000000e+00 3.527784000000e+00 4.150524100000e+01  1 1 1   0.00   0.00   0.00  
F  8.022246000000e+00 3.192255000000e+00 4.164312200000e+01  1 1 1   0.00   0.00   0.00  
F  5.856385000000e+00 1.011100000000e+00 4.184894800000e+01  1 1 1   0.00   0.00   0.00  
F  3.576657000000e+00 1.375481000000e+00 4.159981800000e+01  1 1 1   0.00   0.00   0.00  
H  1.341138000000e+00 1.401073000000e+00 4.301143900000e+01  1 1 1   0.00   0.00   0.00  
H  8.856572000000e+00 8.010070000000e-01 4.277062800000e+01  1 1 1   0.00   0.00   0.00  
H  3.412988000000e+00 3.902066000000e+00 4.297581800000e+01  1 1 1   0.00   0.00   0.00  
H  5.151060000000e+00 3.497204000000e+00 4.300776700000e+01  1 1 1   0.00   0.00   0.00  
C  -1.560020000000e-01 2.561529000000e+00 4.418481100000e+01  1 1 1   0.00   0.00   0.00  
C  4.602090000000e+00 3.323360000000e-01 4.439287500000e+01  1 1 1   0.00   0.00   0.00  
C  2.151710000000e-01 1.926841000000e+00 4.547523600000e+01  1 1 1   0.00   0.00   0.00  
C  4.469632000000e+00 4.890780000000e+00 -5.524240000000e-01  1 1 1   0.00   0.00   0.00  
F  4.308580000000e-01 3.833575000000e+00 4.411971100000e+01  1 1 1   0.00   0.00   0.00  
F  7.557357000000e+00 2.699745000000e+00 4.408683900000e+01  1 1 1   0.00   0.00   0.00  
F  5.939263000000e+00 7.162390000000e-01 4.449920100000e+01  1 1 1   0.00   0.00   0.00  
F  3.864560000000e+00 1.530988000000e+00 4.431723500000e+01  1 1 1   0.00   0.00   0.00  
H  1.002231200000e+01 1.138735000000e+00 4.545888500000e+01  1 1 1   0.00   0.00   0.00  
H  6.130128000000e+00 4.489684000000e+00 4.617441900000e+01  1 1 1   0.00   0.00   0.00  
C  -1.824440000000e-01 2.476647000000e+00 4.662828300000e+01  1 1 1   0.00   0.00   0.00  
C  4.847601000000e+00 -8.015970000000e-01 9.289225100000e+01  1 1 1   0.00   0.00   0.00  
C  1.505810000000e-01 1.826853000000e+00 4.797494900000e+01  1 1 1   0.00   0.00   0.00  
C  4.864035000000e+00 3.601293000000e+00 4.786609500000e+01  1 1 1   0.00   0.00   0.00  
F  8.539877000000e+00 3.738670000000e+00 4.667594000000e+01  1 1 1   0.00   0.00   0.00  
F  2.874146000000e+00 -8.725540000000e-01 4.584712600000e+01  1 1 1   0.00   0.00   0.00  
H  8.759026000000e+00 9.090370000000e-01 4.809587200000e+01  1 1 1   0.00   0.00   0.00  
H  1.169391000000e+00 1.476983000000e+00 4.789961100000e+01  1 1 1   0.00   0.00   0.00  
H  4.050263000000e+00 2.950331000000e+00 4.772190100000e+01  1 1 1   0.00   0.00   0.00  
H  5.746372000000e+00 2.983314000000e+00 4.818528300000e+01  1 1 1   0.00   0.00   0.00  
C  -1.270050000000e-01 2.693240000000e+00 4.925683500000e+01  1 1 1   0.00   0.00   0.00  
C  4.610625000000e+00 4.529639000000e+00 4.905378700000e+01  1 1 1   0.00   0.00   0.00  
C  -1.224200000000e-02 1.860634000000e+00 5.053107200000e+01  1 1 1   0.00   0.00   0.00  
C  4.384585000000e+00 3.840502000000e+00 5.043204700000e+01  1 1 1   0.00   0.00   0.00  
F  7.863240000000e-01 3.790558000000e+00 4.933144000000e+01  1 1 1   0.00   0.00   0.00  
F  7.703781000000e+00 3.280886000000e+00 4.911318600000e+01  1 1 1   0.00   0.00   0.00  
F  5.593716000000e+00 6.763930000000e-01 4.912504100000e+01  1 1 1   0.00   0.00   0.00  
F  3.431892000000e+00 4.874090000000e-01 4.877903000000e+01  1 1 1   0.00   0.00   0.00  
F  8.243488000000e+00 6.632760000000e-01 5.050807000000e+01  1 1 1   0.00   0.00   0.00  
H  9.733680000000e-01 1.502091000000e+00 5.056322700000e+01  1 1 1   0.00   0.00   0.00  
F  3.189681000000e+00 2.899796000000e+00 5.029264200000e+01  1 1 1   0.00   0.00   0.00  
H  5.249518000000e+00 3.267042000000e+00 5.073732000000e+01  1 1 1   0.00   0.00   0.00  
C  -2.743570000000e-01 2.626929000000e+00 5.196247600000e+01  1 1 1   0.00   0.00   0.00  
C  4.151386000000e+00 8.530000000000e-03 5.164615700000e+01  1 1 1   0.00   0.00   0.00  
C  -2.435360000000e-01 1.809689000000e+00 5.325501000000e+01  1 1 1   0.00   0.00   0.00  
C  4.240418000000e+00 4.066888000000e+00 5.311130100000e+01  1 1 1   0.00   0.00   0.00  
F  6.085440000000e-01 3.693455000000e+00 5.205096200000e+01  1 1 1   0.00   0.00   0.00  
F  7.553213000000e+00 3.199277000000e+00 5.180085300000e+01  1 1 1   0.00   0.00   0.00  
F  5.068376000000e+00 1.036546000000e+00 5.160176400000e+01  1 1 1   0.00   0.00   0.00  
F  2.908213000000e+00 5.382470000000e-01 5.151952100000e+01  1 1 1   0.00   0.00   0.00  
F  7.923300000000e+00 6.759780000000e-01 5.320030400000e+01  1 1 1   0.00   0.00   0.00  
H  6.183220000000e-01 1.285661000000e+00 5.334394400000e+01  1 1 1   0.00   0.00   0.00  
F  3.351580000000e+00 2.871912000000e+00 5.309734500000e+01  1 1 1   0.00   0.00   0.00  
H  5.246357000000e+00 3.709674000000e+00 5.319126200000e+01  1 1 1   0.00   0.00   0.00  
C  -4.888760000000e-01 2.660074000000e+00 5.463160400000e+01  1 1 1   0.00   0.00   0.00  
C  3.966195000000e+00 1.295900000000e-01 5.440876700000e+01  1 1 1   0.00   0.00   0.00  
C  -4.890230000000e-01 1.856126000000e+00 5.592626000000e+01  1 1 1   0.00   0.00   0.00  
C  3.969350000000e+00 4.158750000000e+00 5.580015400000e+01  1 1 1   0.00   0.00   0.00  
F  4.360470000000e-01 3.657065000000e+00 5.474174900000e+01  1 1 1   0.00   0.00   0.00  
F  7.383808000000e+00 3.233445000000e+00 5.452875700000e+01  1 1 1   0.00   0.00   0.00  
F  4.929095000000e+00 1.135009000000e+00 5.454731100000e+01  1 1 1   0.00   0.00   0.00  
F  2.751746000000e+00 7.968440000000e-01 5.432516300000e+01  1 1 1   0.00   0.00   0.00  
F  7.648330000000e+00 7.024030000000e-01 5.585914200000e+01  1 1 1   0.00   0.00   0.00  
H  4.755470000000e-01 1.309932000000e+00 5.598672300000e+01  1 1 1   0.00   0.00   0.00  
F  2.892632000000e+00 3.087135000000e+00 5.586303800000e+01  1 1 1   0.00   0.00   0.00  
H  4.916226000000e+00 3.704349000000e+00 5.579338900000e+01  1 1 1   0.00   0.00   0.00  
C  -6.232930000000e-01 2.680956000000e+00 5.726445500000e+01  1 1 1   0.00   0.00   0.00  
C  3.937280000000e+00 1.978180000000e-01 5.712158500000e+01  1 1 1   0.00   0.00   0.00  
C  -3.077260000000e-01 1.897925000000e+00 5.857536000000e+01  1 1 1   0.00   0.00   0.00  
C  4.034957000000e+00 4.060875000000e+00 5.842459600000e+01  1 1 1   0.00   0.00   0.00  
F  2.208760000000e-01 3.756751000000e+00 5.724271300000e+01  1 1 1   0.00   0.00   0.00  
F  7.135561000000e+00 3.158395000000e+00 5.736287900000e+01  1 1 1   0.00   0.00   0.00  
F  4.968857000000e+00 1.141226000000e+00 5.707391100000e+01  1 1 1   0.00   0.00   0.00  
F  2.742145000000e+00 9.326480000000e-01 5.717866500000e+01  1 1 1   0.00   0.00   0.00  
F  7.930821000000e+00 6.776680000000e-01 5.863300200000e+01  1 1 1   0.00   0.00   0.00  
H  6.447030000000e-01 1.452614000000e+00 5.849450700000e+01  1 1 1   0.00   0.00   0.00  
F  2.845371000000e+00 3.210242000000e+00 5.845697900000e+01  1 1 1   0.00   0.00   0.00  
H  4.876769000000e+00 3.422722000000e+00 5.840545100000e+01  1 1 1   0.00   0.00   0.00  
C  -3.793690000000e-01 2.683191000000e+00 5.992651700000e+01  1 1 1   0.00   0.00   0.00  
C  4.052641000000e+00 2.337230000000e-01 5.971701000000e+01  1 1 1   0.00   0.00   0.00  
C  -2.267590000000e-01 1.825592000000e+00 6.121016600000e+01  1 1 1   0.00   0.00   0.00  
C  4.242405000000e+00 4.119660000000e+00 6.098766000000e+01  1 1 1   0.00   0.00   0.00  
F  5.355130000000e-01 3.710010000000e+00 5.993644500000e+01  1 1 1   0.00   0.00   0.00  
F  7.482503000000e+00 3.330758000000e+00 5.995790400000e+01  1 1 1   0.00   0.00   0.00  
F  5.108350000000e+00 1.193858000000e+00 5.961782900000e+01  1 1 1   0.00   0.00   0.00  
F  2.795294000000e+00 9.143680000000e-01 5.980493600000e+01  1 1 1   0.00   0.00   0.00  
F  7.754070000000e+00 8.217000000000e-01 6.133635000000e+01  1 1 1   0.00   0.00   0.00  
H  6.473970000000e-01 1.225376000000e+00 6.113471100000e+01  1 1 1   0.00   0.00   0.00  
F  3.267867000000e+00 3.104924000000e+00 6.107923900000e+01  1 1 1   0.00   0.00   0.00  
H  5.171934000000e+00 3.585277000000e+00 6.092011000000e+01  1 1 1   0.00   0.00   0.00  
C  -2.053770000000e-01 2.613485000000e+00 6.256734500000e+01  1 1 1   0.00   0.00   0.00  
C  4.317434000000e+00 1.766030000000e-01 6.240337700000e+01  1 1 1   0.00   0.00   0.00  
C  8.934400000000e-02 1.761279000000e+00 6.382405000000e+01  1 1 1   0.00   0.00   0.00  
C  4.655950000000e+00 4.097887000000e+00 6.363307200000e+01  1 1 1   0.00   0.00   0.00  
F  8.309990000000e-01 3.622424000000e+00 6.250364400000e+01  1 1 1   0.00   0.00   0.00  
F  7.716651000000e+00 3.288575000000e+00 6.267353300000e+01  1 1 1   0.00   0.00   0.00  
F  5.268497000000e+00 1.194446000000e+00 6.229864300000e+01  1 1 1   0.00   0.00   0.00  
F  3.113759000000e+00 8.111790000000e-01 6.266759000000e+01  1 1 1   0.00   0.00   0.00  
H  9.656610000000e-01 1.109008000000e+00 6.368135300000e+01  1 1 1   0.00   0.00   0.00  
H  8.322427000000e+00 1.216683000000e+00 6.400383100000e+01  1 1 1   0.00   0.00   0.00  
H  3.808318000000e+00 3.472718000000e+00 6.377639600000e+01  1 1 1   0.00   0.00   0.00  
H  5.494995000000e+00 3.437398000000e+00 6.348174600000e+01  1 1 1   0.00   0.00   0.00  
C  3.748780000000e-01 2.556098000000e+00 6.514793800000e+01  1 1 1   0.00   0.00   0.00  
C  4.895130000000e+00 1.197070000000e-01 6.501235600000e+01  1 1 1   0.00   0.00   0.00  
C  4.802930000000e-01 1.705409000000e+00 6.642717900000e+01  1 1 1   0.00   0.00   0.00  
C  4.920979000000e+00 4.073969000000e+00 6.631652400000e+01  1 1 1   0.00   0.00   0.00  
F  1.580587000000e+00 3.247984000000e+00 6.498879400000e+01  1 1 1   0.00   0.00   0.00  
F  8.407103000000e+00 3.488159000000e+00 6.523288800000e+01  1 1 1   0.00   0.00   0.00  
F  6.123746000000e+00 8.773420000000e-01 6.489061400000e+01  1 1 1   0.00   0.00   0.00  
F  3.905992000000e+00 1.087990000000e+00 6.510427600000e+01  1 1 1   0.00   0.00   0.00  
H  1.323062000000e+00 1.056853000000e+00 6.637984700000e+01  1 1 1   0.00   0.00   0.00  
H  8.705257000000e+00 1.168907000000e+00 6.652338600000e+01  1 1 1   0.00   0.00   0.00  
H  3.965374000000e+00 3.580181000000e+00 6.635283700000e+01  1 1 1   0.00   0.00   0.00  
H  5.698075000000e+00 3.300013000000e+00 6.632826800000e+01  1 1 1   0.00   0.00   0.00  
C  6.968950000000e-01 2.514446000000e+00 6.776450700000e+01  1 1 1   0.00   0.00   0.00  
C  5.034985000000e+00 1.266930000000e-01 6.767876400000e+01  1 1 1   0.00   0.00   0.00  
C  6.130550000000e-01 1.637234000000e+00 6.905680800000e+01  1 1 1   0.00   0.00   0.00  
C  5.057229000000e+00 4.050419000000e+00 6.899839800000e+01  1 1 1   0.00   0.00   0.00  
F  1.936992000000e+00 3.098761000000e+00 6.766340100000e+01  1 1 1   0.00   0.00   0.00  
F  8.884849000000e+00 3.526696000000e+00 6.788765500000e+01  1 1 1   0.00   0.00   0.00  
F  6.209842000000e+00 9.107060000000e-01 6.759518000000e+01  1 1 1   0.00   0.00   0.00  
F  3.900201000000e+00 1.008270000000e+00 6.771166500000e+01  1 1 1   0.00   0.00   0.00  
H  1.450066000000e+00 9.666340000000e-01 6.909434400000e+01  1 1 1   0.00   0.00   0.00  
H  8.816116000000e+00 9.895840000000e-01 6.907147000000e+01  1 1 1   0.00   0.00   0.00  
H  4.185913000000e+00 3.361942000000e+00 6.910155200000e+01  1 1 1   0.00   0.00   0.00  
H  5.959616000000e+00 3.423526000000e+00 6.893065700000e+01  1 1 1   0.00   0.00   0.00  
C  6.138290000000e-01 2.410779000000e+00 7.042350400000e+01  1 1 1   0.00   0.00   0.00  
C  5.195576000000e+00 8.639100000000e-02 7.030952400000e+01  1 1 1   0.00   0.00   0.00  
C  6.169970000000e-01 1.588318000000e+00 7.172195300000e+01  1 1 1   0.00   0.00   0.00  
C  5.065355000000e+00 4.067071000000e+00 7.164750500000e+01  1 1 1   0.00   0.00   0.00  
F  1.682387000000e+00 3.293842000000e+00 7.045152600000e+01  1 1 1   0.00   0.00   0.00  
F  8.554262000000e+00 3.200543000000e+00 7.045668100000e+01  1 1 1   0.00   0.00   0.00  
F  6.406413000000e+00 7.871230000000e-01 7.026873200000e+01  1 1 1   0.00   0.00   0.00  
F  4.181584000000e+00 1.073442000000e+00 7.031648100000e+01  1 1 1   0.00   0.00   0.00  
H  1.480063000000e+00 8.710540000000e-01 7.169387800000e+01  1 1 1   0.00   0.00   0.00  
H  8.890368000000e+00 9.742330000000e-01 7.179163400000e+01  1 1 1   0.00   0.00   0.00  
H  4.147792000000e+00 3.483432000000e+00 7.171080700000e+01  1 1 1   0.00   0.00   0.00  
H  5.765101000000e+00 3.255769000000e+00 7.160720700000e+01  1 1 1   0.00   0.00   0.00  
C  7.425140000000e-01 2.415158000000e+00 7.303015500000e+01  1 1 1   0.00   0.00   0.00  
C  5.209453000000e+00 6.034800000000e-02 7.300251100000e+01  1 1 1   0.00   0.00   0.00  
C  7.209350000000e-01 1.498547000000e+00 7.432876500000e+01  1 1 1   0.00   0.00   0.00  
C  5.222643000000e+00 4.056203000000e+00 7.437984000000e+01  1 1 1   0.00   0.00   0.00  
F  1.942495000000e+00 3.098141000000e+00 7.300877200000e+01  1 1 1   0.00   0.00   0.00  
F  8.809740000000e+00 3.355913000000e+00 7.313313900000e+01  1 1 1   0.00   0.00   0.00  
F  6.426787000000e+00 8.212040000000e-01 7.288365900000e+01  1 1 1   0.00   0.00   0.00  
F  4.179410000000e+00 9.478030000000e-01 7.309770600000e+01  1 1 1   0.00   0.00   0.00  
H  1.454393000000e+00 7.763640000000e-01 7.418898200000e+01  1 1 1   0.00   0.00   0.00  
H  8.880360000000e+00 1.048973000000e+00 7.446023500000e+01  1 1 1   0.00   0.00   0.00  
H  4.278533000000e+00 3.726494000000e+00 7.458059000000e+01  1 1 1   0.00   0.00   0.00  
H  5.866719000000e+00 3.213562000000e+00 7.434490500000e+01  1 1 1   0.00   0.00   0.00  
C  9.803110000000e-01 2.228840000000e+00 7.569215900000e+01  1 1 1   0.00   0.00   0.00  
C  5.516790000000e+00 1.430900000000e-01 7.564476200000e+01  1 1 1   0.00   0.00   0.00  
C  9.737230000000e-01 1.333702000000e+00 7.693738400000e+01  1 1 1   0.00   0.00   0.00  
C  5.604430000000e+00 4.097196000000e+00 7.696653400000e+01  1 1 1   0.00   0.00   0.00  
F  2.285020000000e+00 2.807444000000e+00 7.558995700000e+01  1 1 1   0.00   0.00   0.00  
F  9.209207000000e+00 3.303556000000e+00 7.582674800000e+01  1 1 1   0.00   0.00   0.00  
F  6.717753000000e+00 8.430400000000e-01 7.544708200000e+01  1 1 1   0.00   0.00   0.00  
F  4.539491000000e+00 1.126339000000e+00 7.575586700000e+01  1 1 1   0.00   0.00   0.00  
H  1.785616000000e+00 6.259270000000e-01 7.691094700000e+01  1 1 1   0.00   0.00   0.00  
H  9.197457000000e+00 7.343420000000e-01 7.695097800000e+01  1 1 1   0.00   0.00   0.00  
H  4.864528000000e+00 3.361924000000e+00 7.701669900000e+01  1 1 1   0.00   0.00   0.00  
H  6.524033000000e+00 3.592089000000e+00 7.699469200000e+01  1 1 1   0.00   0.00   0.00  
C  9.798060000000e-01 2.155600000000e+00 7.824418900000e+01  1 1 1   0.00   0.00   0.00  
C  5.525520000000e+00 1.743250000000e-01 7.830480400000e+01  1 1 1   0.00   0.00   0.00  
C  1.050030000000e+00 1.454692000000e+00 7.962799500000e+01  1 1 1   0.00   0.00   0.00  
C  5.449962000000e+00 4.136777000000e+00 7.962334500000e+01  1 1 1   0.00   0.00   0.00  
F  2.041278000000e+00 3.062115000000e+00 7.821604500000e+01  1 1 1   0.00   0.00   0.00  
F  8.936033000000e+00 2.971624000000e+00 7.824838800000e+01  1 1 1   0.00   0.00   0.00  
F  6.685119000000e+00 1.053511000000e+00 7.836926000000e+01  1 1 1   0.00   0.00   0.00  
F  4.372361000000e+00 1.038253000000e+00 7.821854800000e+01  1 1 1   0.00   0.00   0.00  
H  1.936697000000e+00 9.028680000000e-01 7.962357300000e+01  1 1 1   0.00   0.00   0.00  
H  9.323223000000e+00 8.377610000000e-01 7.975497600000e+01  1 1 1   0.00   0.00   0.00  
H  4.475218000000e+00 3.639543000000e+00 7.957238200000e+01  1 1 1   0.00   0.00   0.00  
H  6.136849000000e+00 3.364765000000e+00 7.962712300000e+01  1 1 1   0.00   0.00   0.00  
C  1.037811000000e+00 2.382208000000e+00 8.093945900000e+01  1 1 1   0.00   0.00   0.00  
C  5.594752000000e+00 1.612560000000e-01 8.098375100000e+01  1 1 1   0.00   0.00   0.00  
C  9.965540000000e-01 1.701150000000e+00 8.235011300000e+01  1 1 1   0.00   0.00   0.00  
C  5.466836000000e+00 4.078357000000e+00 8.225999100000e+01  1 1 1   0.00   0.00   0.00  
F  2.204564000000e+00 3.144965000000e+00 8.089512500000e+01  1 1 1   0.00   0.00   0.00  
F  9.109503000000e+00 3.313099000000e+00 8.087876700000e+01  1 1 1   0.00   0.00   0.00  
F  6.814450000000e+00 8.003120000000e-01 8.093560600000e+01  1 1 1   0.00   0.00   0.00  
F  4.604336000000e+00 1.147627000000e+00 8.099908900000e+01  1 1 1   0.00   0.00   0.00  
H  1.822082000000e+00 1.015801000000e+00 8.245585600000e+01  1 1 1   0.00   0.00   0.00  
H  9.266344000000e+00 1.038063000000e+00 8.246949800000e+01  1 1 1   0.00   0.00   0.00  
H  4.576732000000e+00 3.477371000000e+00 8.230101200000e+01  1 1 1   0.00   0.00   0.00  
H  6.231885000000e+00 3.306151000000e+00 8.218554800000e+01  1 1 1   0.00   0.00   0.00  
C  1.053999000000e+00 2.632084000000e+00 8.363872200000e+01  1 1 1   0.00   0.00   0.00  
C  5.520093000000e+00 3.961000000000e-03 8.368314700000e+01  1 1 1   0.00   0.00   0.00  
C  8.487540000000e-01 1.921926000000e+00 8.502139900000e+01  1 1 1   0.00   0.00   0.00  
C  5.331670000000e+00 3.893061000000e+00 8.497483600000e+01  1 1 1   0.00   0.00   0.00  
F  2.260308000000e+00 3.297805000000e+00 8.360548300000e+01  1 1 1   0.00   0.00   0.00  
F  9.197936000000e+00 3.592100000000e+00 8.350735800000e+01  1 1 1   0.00   0.00   0.00  
F  6.719677000000e+00 7.736130000000e-01 8.375173600000e+01  1 1 1   0.00   0.00   0.00  
F  4.478118000000e+00 9.788590000000e-01 8.364046700000e+01  1 1 1   0.00   0.00   0.00  
H  1.739931000000e+00 1.358568000000e+00 8.520176100000e+01  1 1 1   0.00   0.00   0.00  
H  9.250154000000e+00 1.156311000000e+00 8.492178700000e+01  1 1 1   0.00   0.00   0.00  
H  4.583642000000e+00 3.132591000000e+00 8.484842500000e+01  1 1 1   0.00   0.00   0.00  
H  6.286902000000e+00 3.398591000000e+00 8.498710600000e+01  1 1 1   0.00   0.00   0.00  
C  5.411560000000e-01 2.737222000000e+00 8.630024100000e+01  1 1 1   0.00   0.00   0.00  
C  5.112114000000e+00 -6.823600000000e-02 8.629363300000e+01  1 1 1   0.00   0.00   0.00  
C  6.347350000000e-01 1.942771000000e+00 8.767184100000e+01  1 1 1   0.00   0.00   0.00  
C  5.227760000000e+00 3.880082000000e+00 8.765602800000e+01  1 1 1   0.00   0.00   0.00  
F  1.411258000000e+00 3.824814000000e+00 8.641638800000e+01  1 1 1   0.00   0.00   0.00  
F  8.348761000000e+00 3.243609000000e+00 8.621441600000e+01  1 1 1   0.00   0.00   0.00  
F  6.093564000000e+00 9.646030000000e-01 8.635888600000e+01  1 1 1   0.00   0.00   0.00  
F  3.902877000000e+00 5.780410000000e-01 8.622810700000e+01  1 1 1   0.00   0.00   0.00  
H  1.561561000000e+00 1.387575000000e+00 8.771609700000e+01  1 1 1   0.00   0.00   0.00  
H  8.947085000000e+00 1.309119000000e+00 8.771323500000e+01  1 1 1   0.00   0.00   0.00  
H  4.560286000000e+00 3.071352000000e+00 8.771821600000e+01  1 1 1   0.00   0.00   0.00  
H  6.158182000000e+00 3.388136000000e+00 8.766707400000e+01  1 1 1   0.00   0.00   0.00  
C  4.987590000000e-01 2.871387000000e+00 8.895277900000e+01  1 1 1   0.00   0.00   0.00  
C  5.139083000000e+00 -4.614200000000e-02 8.894087700000e+01  1 1 1   0.00   0.00   0.00  
C  3.554090000000e-01 2.033245000000e+00 9.027071000000e+01  1 1 1   0.00   0.00   0.00  
C  5.076270000000e+00 3.873020000000e+00 9.031329300000e+01  1 1 1   0.00   0.00   0.00  
F  1.689712000000e+00 3.603934000000e+00 8.906117500000e+01  1 1 1   0.00   0.00   0.00  
F  8.555376000000e+00 3.772444000000e+00 8.883036300000e+01  1 1 1   0.00   0.00   0.00  
F  6.242087000000e+00 7.966090000000e-01 8.899924100000e+01  1 1 1   0.00   0.00   0.00  
F  3.994103000000e+00 7.908980000000e-01 8.887249900000e+01  1 1 1   0.00   0.00   0.00  
H  1.179018000000e+00 1.346542000000e+00 9.024012200000e+01  1 1 1   0.00   0.00   0.00  
H  8.643112000000e+00 1.375720000000e+00 9.022003700000e+01  1 1 1   0.00   0.00   0.00  
H  4.260207000000e+00 3.144722000000e+00 9.022446200000e+01  1 1 1   0.00   0.00   0.00  
H  5.948964000000e+00 3.340051000000e+00 9.047819400000e+01  1 1 1   0.00   0.00   0.00  
C  3.413510000000e-01 2.836050000000e+00 9.159600900000e+01  1 1 1   0.00   0.00   0.00  
C  4.814259000000e+00 1.882100000000e-02 9.152938700000e+01  1 1 1   0.00   0.00   0.00  
C  2.082400000000e-01 2.021102000000e+00 9.295811100000e+01  1 1 1   0.00   0.00   0.00  
C  5.177644000000e+00 4.176276000000e+00 4.644641200000e+01  1 1 1   0.00   0.00   0.00  
F  1.489784000000e+00 3.651708000000e+00 9.163975200000e+01  1 1 1   0.00   0.00   0.00  
F  8.331122000000e+00 3.718942000000e+00 9.150772000000e+01  1 1 1   0.00   0.00   0.00  
F  5.772318000000e+00 1.004512000000e+00 9.154609600000e+01  1 1 1   0.00   0.00   0.00  
F  3.556368000000e+00 6.267420000000e-01 9.140305800000e+01  1 1 1   0.00   0.00   0.00  
H  9.995670000000e-01 1.341837000000e+00 9.293907200000e+01  1 1 1   0.00   0.00   0.00  
H  8.424688000000e+00 1.475977000000e+00 9.292007700000e+01  1 1 1   0.00   0.00   0.00  
H  5.120502000000e+00 5.697605000000e+00 9.408474000000e+01  1 1 1   0.00   0.00   0.00  
H  3.499458000000e+00 5.290310000000e+00 9.376818900000e+01  1 1 1   0.00   0.00   0.00  
"  
