& chain id  and total charge in this chain
0 0.09252890000000005
1 0.1024504499999995
2 0.2677517199999996
3 -0.0915553899999999
4 -0.018659773999999768
5 0.12986162000000023
6 0.04130690000000012
7 0.36564235000000006
8 -0.4116967489999997
9 0.09423505500000001
10 -0.06946874000000014
11 0.038947809999999944
12 -0.0764070809999998
13 -0.10739865999999973
14 -0.0874482000000002
15 0.08509027000000047
16 -0.12807821999999935
17 -0.13973820199999964
18 0.0876002600000001
19 -0.028616563999999595
20 -0.17842787999999968
21 0.042053163999999865
22 -0.052323977999999854
23 -0.027794539999999646
24 -0.29702913000000064
25 -0.07670377199999981
26 0.20645704000000004
27 -0.27840869999999973
28 -0.07713937999999979
29 -0.1976743299999999
30 0.5601693599999997
31 -0.08834002900000018
32 -0.06634118999999974
33 0.19826323500000023
34 -0.04697467000000044
35 0.25839239000000025
36 -0.19486076000000013
37 0.0935820299999996
38 0.0073802100000003035
39 0.06940218999999956
