description="final.xyz"  
#******** REAL SPACE GRID ********   
wavefunction_grid="56 56 296"  
potential_grid_refinement="2"  
  
#******* CONTROL OPTIONS *******  
start_mode          ="LCAO Start"  
calculation_mode    ="Relax Structure  "  
kohn_sham_solver    ="multigrid"  
subdiag_driver      ="auto"  
#auto: if cuda available, use cusolver, otherwise use lapack for n<128 and scaplack for large system  
cube_rho = "False"  
  
#********* K POINT SETUP *********  
kpoint_mesh = "1 1 1"  
kpoint_is_shift = "0 0 0"  
  
#******* Pseudopotentials *******   
internal_pseudo_type = "sg15"  
#use Optimized Norm-Conserving Vanderbilt (ONCV) pseudopotenitals  
#those pseudopotentials are built in with RMG  
write_pseudopotential_plots ="False"  
  
#*****Exchange Correlation ******  
exchange_correlation_type="AUTO_XC"  
#AUTO_XC: XC will be determined from pseudopotential  
  
#****  LATTICE and ATOMS  ****   
bravais_lattice_type="None"  
crds_units = "Angstrom"  
lattice_units = "Angstrom"  
lattice_vector="  
 8.261093000000e+00  0.000000000000e+00  0.000000000000e+00   
 0.000000000000e+00  8.665935000000e+00  0.000000000000e+00   
 0.000000000000e+00  0.000000000000e+00  4.688616700000e+01   
"  
atomic_coordinate_type = "Absolute"  
atoms="  
H  3.978371000000e+00 2.842735000000e+00 2.559751000000e+00  1 1 1   0.00   0.00   0.00  
C  4.391062000000e+00 2.237727000000e+00 3.380258000000e+00  1 1 1   0.00   0.00   0.00  
C  4.639481000000e+00 7.944080000000e-01 3.225263000000e+00  1 1 1   0.00   0.00   0.00  
H  6.762941000000e+00 3.191696000000e+00 8.638069000000e+00  1 1 1   0.00   0.00   0.00  
H  4.191150000000e+00 3.856309000000e+00 4.706116000000e+00  1 1 1   0.00   0.00   0.00  
H  5.698338000000e+00 4.958339000000e+00 7.639971000000e+00  1 1 1   0.00   0.00   0.00  
C  4.507945000000e+00 2.811717000000e+00 4.642310000000e+00  1 1 1   0.00   0.00   0.00  
C  5.138871000000e+00 6.683400000000e-02 4.391667000000e+00  1 1 1   0.00   0.00   0.00  
H  5.446308000000e+00 -9.734600000000e-01 4.217761000000e+00  1 1 1   0.00   0.00   0.00  
C  4.959176000000e+00 2.087482000000e+00 5.839239000000e+00  1 1 1   0.00   0.00   0.00  
C  6.593893000000e+00 2.531593000000e+00 7.784323000000e+00  1 1 1   0.00   0.00   0.00  
C  5.297866000000e+00 6.716380000000e-01 5.640094000000e+00  1 1 1   0.00   0.00   0.00  
H  6.852525000000e+00 1.511929000000e+00 8.165115000000e+00  1 1 1   0.00   0.00   0.00  
C  5.133481000000e+00 4.374630000000e+00 6.877087000000e+00  1 1 1   0.00   0.00   0.00  
H  7.356522000000e+00 2.824693000000e+00 7.066609000000e+00  1 1 1   0.00   0.00   0.00  
H  5.739932000000e+00 1.116760000000e-01 6.480112000000e+00  1 1 1   0.00   0.00   0.00  
C  5.136071000000e+00 2.803224000000e+00 7.178131000000e+00  1 1 1   0.00   0.00   0.00  
H  5.650391000000e+00 4.611224000000e+00 5.915316000000e+00  1 1 1   0.00   0.00   0.00  
H  4.105675000000e+00 4.785828000000e+00 6.783629000000e+00  1 1 1   0.00   0.00   0.00  
C  4.212407000000e+00 2.373895000000e+00 8.263466000000e+00  1 1 1   0.00   0.00   0.00  
H  3.740780000000e+00 4.276210000000e-01 7.292988000000e+00  1 1 1   0.00   0.00   0.00  
H  4.481069000000e+00 4.208940000000e+00 9.516528000000e+00  1 1 1   0.00   0.00   0.00  
C  3.553398000000e+00 1.074987000000e+00 8.174670000000e+00  1 1 1   0.00   0.00   0.00  
C  3.989926000000e+00 3.209478000000e+00 9.442638000000e+00  1 1 1   0.00   0.00   0.00  
C  2.714624000000e+00 6.911670000000e-01 9.230482000000e+00  1 1 1   0.00   0.00   0.00  
C  3.063235000000e+00 2.828592000000e+00 1.043255300000e+01  1 1 1   0.00   0.00   0.00  
H  2.316424000000e+00 -3.188740000000e-01 9.172829000000e+00  1 1 1   0.00   0.00   0.00  
H  2.823969000000e+00 3.578097000000e+00 1.119817500000e+01  1 1 1   0.00   0.00   0.00  
C  2.364015000000e+00 1.539558000000e+00 1.036739400000e+01  1 1 1   0.00   0.00   0.00  
O  1.491588000000e+00 1.015802000000e+00 1.122830200000e+01  1 1 1   0.00   0.00   0.00  
H  3.493677000000e+00 1.775800000000e+00 1.278906700000e+01  1 1 1   0.00   0.00   0.00  
C  1.380216000000e+00 1.596871000000e+00 1.247807200000e+01  1 1 1   0.00   0.00   0.00  
C  2.518664000000e+00 2.030703000000e+00 1.322949400000e+01  1 1 1   0.00   0.00   0.00  
H  -8.001290000000e-01 1.417002000000e+00 1.226026600000e+01  1 1 1   0.00   0.00   0.00  
C  3.663200000000e-02 1.790116000000e+00 1.291951100000e+01  1 1 1   0.00   0.00   0.00  
C  2.391060000000e+00 2.753107000000e+00 1.445869400000e+01  1 1 1   0.00   0.00   0.00  
H  3.253459000000e+00 3.185381000000e+00 1.500468100000e+01  1 1 1   0.00   0.00   0.00  
C  -1.411630000000e-01 2.427935000000e+00 1.418944900000e+01  1 1 1   0.00   0.00   0.00  
C  1.027365000000e+00 2.958013000000e+00 1.493095300000e+01  1 1 1   0.00   0.00   0.00  
C  -1.389670000000e+00 2.681535000000e+00 1.503397500000e+01  1 1 1   0.00   0.00   0.00  
O  -2.435210000000e+00 2.102952000000e+00 1.484149800000e+01  1 1 1   0.00   0.00   0.00  
C  5.156570000000e-01 3.721492000000e+00 1.616205700000e+01  1 1 1   0.00   0.00   0.00  
N  -1.051325000000e+00 3.578386000000e+00 1.621691500000e+01  1 1 1   0.00   0.00   0.00  
O  1.210630000000e+00 4.261629000000e+00 1.694633800000e+01  1 1 1   0.00   0.00   0.00  
H  -3.514634000000e+00 2.332086000000e+00 1.678124700000e+01  1 1 1   0.00   0.00   0.00  
C  -1.989039000000e+00 3.825024000000e+00 1.737899600000e+01  1 1 1   0.00   0.00   0.00  
C  -3.231665000000e+00 3.138949000000e+00 1.749875500000e+01  1 1 1   0.00   0.00   0.00  
H  -6.958490000000e-01 5.238242000000e+00 1.823575600000e+01  1 1 1   0.00   0.00   0.00  
C  -1.699655000000e+00 4.778650000000e+00 1.839382800000e+01  1 1 1   0.00   0.00   0.00  
C  -4.140316000000e+00 3.467746000000e+00 1.853807800000e+01  1 1 1   0.00   0.00   0.00  
H  -5.086138000000e+00 2.889240000000e+00 1.862244600000e+01  1 1 1   0.00   0.00   0.00  
C  -2.540532000000e+00 5.161751000000e+00 1.948636600000e+01  1 1 1   0.00   0.00   0.00  
C  -3.789328000000e+00 4.477685000000e+00 1.949491300000e+01  1 1 1   0.00   0.00   0.00  
O  -4.096381000000e+00 6.379069000000e+00 2.205921700000e+01  1 1 1   0.00   0.00   0.00  
N  -2.141041000000e+00 6.172091000000e+00 2.051272300000e+01  1 1 1   0.00   0.00   0.00  
H  -4.506854000000e+00 4.606695000000e+00 2.031703800000e+01  1 1 1   0.00   0.00   0.00  
C  -2.988574000000e+00 6.640358000000e+00 2.180735900000e+01  1 1 1   0.00   0.00   0.00  
O  2.724010000000e-01 6.325840000000e+00 2.010197000000e+01  1 1 1   0.00   0.00   0.00  
C  -6.875090000000e-01 6.610381000000e+00 2.072087500000e+01  1 1 1   0.00   0.00   0.00  
C  -2.075450000000e+00 7.472333000000e+00 2.266754500000e+01  1 1 1   0.00   0.00   0.00  
C  -6.834590000000e-01 7.517333000000e+00 2.199496000000e+01  1 1 1   0.00   0.00   0.00  
H  -3.108748000000e+00 8.033161000000e+00 2.448534000000e+01  1 1 1   0.00   0.00   0.00  
C  -2.167190000000e+00 8.113369000000e+00 2.395527700000e+01  1 1 1   0.00   0.00   0.00  
C  4.225630000000e-01 8.222295000000e+00 2.260672300000e+01  1 1 1   0.00   0.00   0.00  
H  1.366550000000e+00 8.274738000000e+00 2.209812800000e+01  1 1 1   0.00   0.00   0.00  
C  -1.044745000000e+00 8.770726000000e+00 2.452923400000e+01  1 1 1   0.00   0.00   0.00  
C  2.158360000000e-01 8.835928000000e+00 2.385356500000e+01  1 1 1   0.00   0.00   0.00  
H  -1.103488000000e+00 9.217532000000e+00 2.553463400000e+01  1 1 1   0.00   0.00   0.00  
H  1.252869000000e+00 6.896718000000e+00 2.507029600000e+01  1 1 1   0.00   0.00   0.00  
O  1.333588000000e+00 9.521377000000e+00 2.439411800000e+01  1 1 1   0.00   0.00   0.00  
C  1.848258000000e+00 7.551331000000e+00 2.573032900000e+01  1 1 1   0.00   0.00   0.00  
C  1.903945000000e+00 8.979714000000e+00 2.546470700000e+01  1 1 1   0.00   0.00   0.00  
H  2.525952000000e+00 5.974093000000e+00 2.707057700000e+01  1 1 1   0.00   0.00   0.00  
H  3.790919000000e+00 4.980316000000e+00 2.850354000000e+01  1 1 1   0.00   0.00   0.00  
H  6.101817000000e+00 7.464658000000e+00 2.988666500000e+01  1 1 1   0.00   0.00   0.00  
C  2.562962000000e+00 7.049791000000e+00 2.684872000000e+01  1 1 1   0.00   0.00   0.00  
C  2.737923000000e+00 9.835515000000e+00 2.630326800000e+01  1 1 1   0.00   0.00   0.00  
H  2.834756000000e+00 1.093122700000e+01 2.617512500000e+01  1 1 1   0.00   0.00   0.00  
C  4.611331000000e+00 5.708590000000e+00 2.842016300000e+01  1 1 1   0.00   0.00   0.00  
C  3.367022000000e+00 7.853753000000e+00 2.771787800000e+01  1 1 1   0.00   0.00   0.00  
C  5.434676000000e+00 7.995547000000e+00 2.914589700000e+01  1 1 1   0.00   0.00   0.00  
H  5.021703000000e+00 5.627121000000e+00 2.740005200000e+01  1 1 1   0.00   0.00   0.00  
C  3.451005000000e+00 9.249745000000e+00 2.736280500000e+01  1 1 1   0.00   0.00   0.00  
H  5.915760000000e+00 8.293844000000e+00 2.818158200000e+01  1 1 1   0.00   0.00   0.00  
H  5.435919000000e+00 5.405434000000e+00 2.906967000000e+01  1 1 1   0.00   0.00   0.00  
H  5.119553000000e+00 8.940947000000e+00 2.964317300000e+01  1 1 1   0.00   0.00   0.00  
C  4.133710000000e+00 7.171381000000e+00 2.882723700000e+01  1 1 1   0.00   0.00   0.00  
H  4.115168000000e+00 9.925918000000e+00 2.792114000000e+01  1 1 1   0.00   0.00   0.00  
C  3.435752000000e+00 7.057497000000e+00 3.015958400000e+01  1 1 1   0.00   0.00   0.00  
H  5.026205000000e+00 6.050090000000e+00 3.140064700000e+01  1 1 1   0.00   0.00   0.00  
H  1.619191000000e+00 7.917132000000e+00 2.926259900000e+01  1 1 1   0.00   0.00   0.00  
C  4.038192000000e+00 6.518568000000e+00 3.139317600000e+01  1 1 1   0.00   0.00   0.00  
C  2.086300000000e+00 7.594966000000e+00 3.020532500000e+01  1 1 1   0.00   0.00   0.00  
C  3.300724000000e+00 6.554813000000e+00 3.259569300000e+01  1 1 1   0.00   0.00   0.00  
C  1.420667000000e+00 7.721401000000e+00 3.142275800000e+01  1 1 1   0.00   0.00   0.00  
H  3.749809000000e+00 6.142199000000e+00 3.350720600000e+01  1 1 1   0.00   0.00   0.00  
H  3.990040000000e-01 8.131062000000e+00 3.141684100000e+01  1 1 1   0.00   0.00   0.00  
C  2.069336000000e+00 7.317482000000e+00 3.267257100000e+01  1 1 1   0.00   0.00   0.00  
O  1.562151000000e+00 7.678382000000e+00 3.382221100000e+01  1 1 1   0.00   0.00   0.00  
H  4.004600000000e+00 7.941885000000e+00 3.529919000000e+01  1 1 1   0.00   0.00   0.00  
C  2.016427000000e+00 7.078137000000e+00 3.505597700000e+01  1 1 1   0.00   0.00   0.00  
C  3.242065000000e+00 7.292866000000e+00 3.574770800000e+01  1 1 1   0.00   0.00   0.00  
H  1.682100000000e-02 6.266881000000e+00 3.518647000000e+01  1 1 1   0.00   0.00   0.00  
C  1.002292000000e+00 6.314882000000e+00 3.568652500000e+01  1 1 1   0.00   0.00   0.00  
C  3.520135000000e+00 6.637288000000e+00 3.699000300000e+01  1 1 1   0.00   0.00   0.00  
H  4.479188000000e+00 6.769432000000e+00 3.748717600000e+01  1 1 1   0.00   0.00   0.00  
C  1.196311000000e+00 5.755169000000e+00 3.699792200000e+01  1 1 1   0.00   0.00   0.00  
C  2.517148000000e+00 5.848573000000e+00 3.765250400000e+01  1 1 1   0.00   0.00   0.00  
C  2.103210000000e-01 5.051642000000e+00 3.789943100000e+01  1 1 1   0.00   0.00   0.00  
O  -9.785630000000e-01 5.023255000000e+00 3.770795500000e+01  1 1 1   0.00   0.00   0.00  
C  2.488847000000e+00 5.164641000000e+00 3.901957000000e+01  1 1 1   0.00   0.00   0.00  
N  1.047158000000e+00 4.500365000000e+00 3.910868300000e+01  1 1 1   0.00   0.00   0.00  
O  3.333752000000e+00 5.258429000000e+00 3.985917400000e+01  1 1 1   0.00   0.00   0.00  
C  4.776230000000e-01 3.768234000000e+00 4.026483700000e+01  1 1 1   0.00   0.00   0.00  
H  2.364329000000e+00 3.668566000000e+00 4.131686000000e+01  1 1 1   0.00   0.00   0.00  
H  -1.566833000000e+00 3.555252000000e+00 3.952993700000e+01  1 1 1   0.00   0.00   0.00  
C  1.323869000000e+00 3.376151000000e+00 4.137224100000e+01  1 1 1   0.00   0.00   0.00  
C  -8.861560000000e-01 3.345315000000e+00 4.037139300000e+01  1 1 1   0.00   0.00   0.00  
C  9.303960000000e-01 2.678888000000e+00 4.257986500000e+01  1 1 1   0.00   0.00   0.00  
C  -1.355538000000e+00 2.591420000000e+00 4.147905900000e+01  1 1 1   0.00   0.00   0.00  
H  -2.367347000000e+00 2.130067000000e+00 4.150053300000e+01  1 1 1   0.00   0.00   0.00  
O  4.422530000000e-01 9.215740000000e-01 4.518242600000e+01  1 1 1   0.00   0.00   0.00  
C  -4.759430000000e-01 2.308302000000e+00 4.257136300000e+01  1 1 1   0.00   0.00   0.00  
N  1.804103000000e+00 2.389742000000e+00 4.373805200000e+01  1 1 1   0.00   0.00   0.00  
C  1.421357000000e+00 1.582800000000e+00 4.501006000000e+01  1 1 1   0.00   0.00   0.00  
O  3.972436000000e+00 3.400081000000e+00 4.312867500000e+01  1 1 1   0.00   0.00   0.00  
C  3.275652000000e+00 2.785488000000e+00 4.388021300000e+01  1 1 1   0.00   0.00   0.00  
H  -8.325760000000e-01 1.686412000000e+00 4.339270700000e+01  1 1 1   0.00   0.00   0.00  
C  2.664736000000e+00 1.578341000000e+00 4.589350800000e+01  1 1 1   0.00   0.00   0.00  
C  3.798625000000e+00 2.336884000000e+00 4.526046200000e+01  1 1 1   0.00   0.00   0.00  
H  2.163675000000e+00 2.965220000000e-01 4.759824400000e+01  1 1 1   0.00   0.00   0.00  
C  2.935238000000e+00 8.980130000000e-01 4.717254200000e+01  1 1 1   0.00   0.00   0.00  
C  5.098515000000e+00 2.385093000000e+00 4.590375200000e+01  1 1 1   0.00   0.00   0.00  
H  5.955553000000e+00 2.893551000000e+00 4.543050300000e+01  1 1 1   0.00   0.00   0.00  
C  4.194928000000e+00 1.007319000000e+00 4.784036600000e+01  1 1 1   0.00   0.00   0.00  
C  5.228984000000e+00 1.746365000000e+00 4.718136500000e+01  1 1 1   0.00   0.00   0.00  
O  4.310608000000e+00 1.897510000000e-01 4.901427900000e+01  1 1 1   0.00   0.00   0.00  
H  6.192540000000e+00 1.807930000000e+00 4.769722700000e+01  1 1 1   0.00   0.00   0.00  
H  6.937178000000e+00 7.243878000000e+00 1.289524000000e+00  1 1 1   0.00   0.00   0.00  
C  7.228856000000e+00 6.631741000000e+00 2.160992000000e+00  1 1 1   0.00   0.00   0.00  
C  6.697021000000e+00 5.289034000000e+00 2.327545000000e+00  1 1 1   0.00   0.00   0.00  
H  1.128860300000e+01 7.148030000000e+00 4.062580000000e+00  1 1 1   0.00   0.00   0.00  
H  8.436841000000e+00 8.302144000000e+00 2.894819000000e+00  1 1 1   0.00   0.00   0.00  
H  9.722190000000e+00 9.015596000000e+00 4.476851000000e+00  1 1 1   0.00   0.00   0.00  
C  8.118433000000e+00 7.249049000000e+00 3.057817000000e+00  1 1 1   0.00   0.00   0.00  
C  7.170017000000e+00 4.534094000000e+00 3.475396000000e+00  1 1 1   0.00   0.00   0.00  
H  6.854113000000e+00 3.483595000000e+00 3.672634000000e+00  1 1 1   0.00   0.00   0.00  
C  8.531699000000e+00 6.504069000000e+00 4.236033000000e+00  1 1 1   0.00   0.00   0.00  
C  1.099059700000e+01 6.615104000000e+00 4.977427000000e+00  1 1 1   0.00   0.00   0.00  
C  8.009345000000e+00 5.152996000000e+00 4.417739000000e+00  1 1 1   0.00   0.00   0.00  
H  1.167161700000e+01 6.859914000000e+00 5.844461000000e+00  1 1 1   0.00   0.00   0.00  
C  9.466569000000e+00 8.512654000000e+00 5.430468000000e+00  1 1 1   0.00   0.00   0.00  
H  1.110724800000e+01 5.565606000000e+00 4.676296000000e+00  1 1 1   0.00   0.00   0.00  
H  8.212739000000e+00 4.619825000000e+00 5.353500000000e+00  1 1 1   0.00   0.00   0.00  
C  9.481900000000e+00 6.949743000000e+00 5.309013000000e+00  1 1 1   0.00   0.00   0.00  
H  8.443409000000e+00 8.832408000000e+00 5.636370000000e+00  1 1 1   0.00   0.00   0.00  
H  1.013493000000e+01 8.876883000000e+00 6.243004000000e+00  1 1 1   0.00   0.00   0.00  
C  9.143615000000e+00 6.277776000000e+00 6.628478000000e+00  1 1 1   0.00   0.00   0.00  
H  7.881180000000e+00 7.923353000000e+00 7.424458000000e+00  1 1 1   0.00   0.00   0.00  
H  1.024038200000e+01 4.385272000000e+00 6.337630000000e+00  1 1 1   0.00   0.00   0.00  
C  8.283108000000e+00 6.949195000000e+00 7.614433000000e+00  1 1 1   0.00   0.00   0.00  
C  9.626811000000e+00 4.950526000000e+00 7.031425000000e+00  1 1 1   0.00   0.00   0.00  
C  7.951898000000e+00 6.412185000000e+00 8.891834000000e+00  1 1 1   0.00   0.00   0.00  
C  9.332643000000e+00 4.423950000000e+00 8.302347000000e+00  1 1 1   0.00   0.00   0.00  
H  7.329605000000e+00 6.981038000000e+00 9.580296000000e+00  1 1 1   0.00   0.00   0.00  
H  9.783806000000e+00 3.467365000000e+00 8.552006000000e+00  1 1 1   0.00   0.00   0.00  
C  8.510551000000e+00 5.113807000000e+00 9.274653000000e+00  1 1 1   0.00   0.00   0.00  
O  8.221679000000e+00 4.497004000000e+00 1.040089500000e+01  1 1 1   0.00   0.00   0.00  
H  9.935295000000e+00 6.299627000000e+00 1.109933800000e+01  1 1 1   0.00   0.00   0.00  
C  8.033668000000e+00 5.318907000000e+00 1.149453800000e+01  1 1 1   0.00   0.00   0.00  
C  9.092139000000e+00 6.257788000000e+00 1.179193800000e+01  1 1 1   0.00   0.00   0.00  
H  6.111947000000e+00 4.560634000000e+00 1.230283900000e+01  1 1 1   0.00   0.00   0.00  
C  6.988389000000e+00 5.198132000000e+00 1.245253300000e+01  1 1 1   0.00   0.00   0.00  
C  9.131232000000e+00 7.112394000000e+00 1.295577500000e+01  1 1 1   0.00   0.00   0.00  
H  9.956992000000e+00 7.792769000000e+00 1.314848200000e+01  1 1 1   0.00   0.00   0.00  
C  7.033822000000e+00 6.014969000000e+00 1.365079300000e+01  1 1 1   0.00   0.00   0.00  
C  8.128481000000e+00 7.014997000000e+00 1.395574600000e+01  1 1 1   0.00   0.00   0.00  
C  6.008935000000e+00 6.162572000000e+00 1.478789200000e+01  1 1 1   0.00   0.00   0.00  
O  4.999412000000e+00 5.527691000000e+00 1.486883100000e+01  1 1 1   0.00   0.00   0.00  
C  7.904661000000e+00 7.748767000000e+00 1.528940400000e+01  1 1 1   0.00   0.00   0.00  
N  6.600341000000e+00 7.139184000000e+00 1.585213200000e+01  1 1 1   0.00   0.00   0.00  
O  8.516416000000e+00 8.682621000000e+00 1.575030800000e+01  1 1 1   0.00   0.00   0.00  
H  4.165743000000e+00 6.323371000000e+00 1.677335700000e+01  1 1 1   0.00   0.00   0.00  
C  5.936643000000e+00 7.545616000000e+00 1.712823800000e+01  1 1 1   0.00   0.00   0.00  
C  4.645619000000e+00 7.047199000000e+00 1.746545600000e+01  1 1 1   0.00   0.00   0.00  
H  7.436729000000e+00 8.891835000000e+00 1.778071600000e+01  1 1 1   0.00   0.00   0.00  
C  6.435244000000e+00 8.521773000000e+00 1.804476800000e+01  1 1 1   0.00   0.00   0.00  
C  3.943493000000e+00 7.527870000000e+00 1.861301500000e+01  1 1 1   0.00   0.00   0.00  
H  2.948718000000e+00 7.121459000000e+00 1.880943000000e+01  1 1 1   0.00   0.00   0.00  
C  5.805169000000e+00 9.041997000000e+00 1.922285200000e+01  1 1 1   0.00   0.00   0.00  
C  4.470796000000e+00 8.569826000000e+00 1.943679900000e+01  1 1 1   0.00   0.00   0.00  
O  8.739701000000e+00 1.013080200000e+01 1.930170700000e+01  1 1 1   0.00   0.00   0.00  
N  6.461265000000e+00 9.999352000000e+00 2.018782400000e+01  1 1 1   0.00   0.00   0.00  
H  3.850630000000e+00 8.967169000000e+00 2.025204300000e+01  1 1 1   0.00   0.00   0.00  
C  7.973023000000e+00 1.040800800000e+01 2.018250200000e+01  1 1 1   0.00   0.00   0.00  
O  4.575613000000e+00 1.100995000000e+01 2.153236400000e+01  1 1 1   0.00   0.00   0.00  
C  5.726826000000e+00 1.088800800000e+01 2.129960300000e+01  1 1 1   0.00   0.00   0.00  
C  8.126279000000e+00 1.135162400000e+01 2.136418700000e+01  1 1 1   0.00   0.00   0.00  
C  6.804949000000e+00 1.166359100000e+01 2.201577400000e+01  1 1 1   0.00   0.00   0.00  
H  1.032293300000e+01 1.195522300000e+01 2.147307400000e+01  1 1 1   0.00   0.00   0.00  
C  9.292080000000e+00 1.204337200000e+01 2.186125800000e+01  1 1 1   0.00   0.00   0.00  
C  6.642175000000e+00 1.262140300000e+01 2.307735600000e+01  1 1 1   0.00   0.00   0.00  
H  5.639574000000e+00 1.294570000000e+01 2.345792000000e+01  1 1 1   0.00   0.00   0.00  
C  9.117162000000e+00 1.298123300000e+01 2.291181200000e+01  1 1 1   0.00   0.00   0.00  
C  7.837596000000e+00 1.323800800000e+01 2.350621900000e+01  1 1 1   0.00   0.00   0.00  
H  9.976991000000e+00 1.354679000000e+01 2.328117800000e+01  1 1 1   0.00   0.00   0.00  
H  7.543265000000e+00 1.557191400000e+01 2.687711200000e+01  1 1 1   0.00   0.00   0.00  
O  7.723334000000e+00 1.411507900000e+01 2.459158900000e+01  1 1 1   0.00   0.00   0.00  
C  7.777805000000e+00 1.450727400000e+01 2.695972200000e+01  1 1 1   0.00   0.00   0.00  
C  7.817324000000e+00 1.359911100000e+01 2.580460700000e+01  1 1 1   0.00   0.00   0.00  
H  7.867479000000e+00 1.475996300000e+01 2.907522400000e+01  1 1 1   0.00   0.00   0.00  
H  9.518185000000e+00 1.048003100000e+01 3.094977100000e+01  1 1 1   0.00   0.00   0.00  
H  1.033619600000e+01 1.349119100000e+01 2.972785600000e+01  1 1 1   0.00   0.00   0.00  
C  7.997322000000e+00 1.403767400000e+01 2.826229500000e+01  1 1 1   0.00   0.00   0.00  
C  8.098600000000e+00 1.218523500000e+01 2.604695800000e+01  1 1 1   0.00   0.00   0.00  
H  8.165474000000e+00 1.150146200000e+01 2.520388300000e+01  1 1 1   0.00   0.00   0.00  
C  9.236960000000e+00 1.077367700000e+01 2.992933200000e+01  1 1 1   0.00   0.00   0.00  
C  8.315883000000e+00 1.260935300000e+01 2.848240600000e+01  1 1 1   0.00   0.00   0.00  
C  9.594622000000e+00 1.321617400000e+01 3.051334200000e+01  1 1 1   0.00   0.00   0.00  
H  8.583205000000e+00 9.977773000000e+00 2.952085300000e+01  1 1 1   0.00   0.00   0.00  
C  8.429845000000e+00 1.171225400000e+01 2.731896500000e+01  1 1 1   0.00   0.00   0.00  
H  9.129111000000e+00 1.415142300000e+01 3.086587600000e+01  1 1 1   0.00   0.00   0.00  
H  1.020070000000e+01 1.080745700000e+01 2.937848600000e+01  1 1 1   0.00   0.00   0.00  
H  1.007697900000e+01 1.285795800000e+01 3.144925800000e+01  1 1 1   0.00   0.00   0.00  
C  8.531892000000e+00 1.219372800000e+01 2.992667800000e+01  1 1 1   0.00   0.00   0.00  
H  8.712874000000e+00 1.064769700000e+01 2.740457300000e+01  1 1 1   0.00   0.00   0.00  
C  7.338399000000e+00 1.218936100000e+01 3.081196800000e+01  1 1 1   0.00   0.00   0.00  
H  6.142743000000e+00 1.093257600000e+01 2.937177600000e+01  1 1 1   0.00   0.00   0.00  
H  8.042913000000e+00 1.351833700000e+01 3.245418300000e+01  1 1 1   0.00   0.00   0.00  
C  6.175062000000e+00 1.147746400000e+01 3.031675000000e+01  1 1 1   0.00   0.00   0.00  
C  7.248494000000e+00 1.286837300000e+01 3.209377000000e+01  1 1 1   0.00   0.00   0.00  
C  4.995654000000e+00 1.140651100000e+01 3.111886300000e+01  1 1 1   0.00   0.00   0.00  
C  6.098235000000e+00 1.272977400000e+01 3.290288500000e+01  1 1 1   0.00   0.00   0.00  
H  4.153205000000e+00 1.081640800000e+01 3.080931500000e+01  1 1 1   0.00   0.00   0.00  
H  6.009746000000e+00 1.319499400000e+01 3.388073700000e+01  1 1 1   0.00   0.00   0.00  
C  4.971192000000e+00 1.193620800000e+01 3.247131100000e+01  1 1 1   0.00   0.00   0.00  
O  3.936790000000e+00 1.151018500000e+01 3.321801900000e+01  1 1 1   0.00   0.00   0.00  
H  6.280219000000e+00 1.130768000000e+01 3.467078100000e+01  1 1 1   0.00   0.00   0.00  
C  4.061335000000e+00 1.128585800000e+01 3.452784800000e+01  1 1 1   0.00   0.00   0.00  
C  5.354756000000e+00 1.108857800000e+01 3.519377200000e+01  1 1 1   0.00   0.00   0.00  
H  1.871884000000e+00 1.096660800000e+01 3.477379700000e+01  1 1 1   0.00   0.00   0.00  
C  2.862570000000e+00 1.087213500000e+01 3.523587700000e+01  1 1 1   0.00   0.00   0.00  
C  5.494890000000e+00 1.050023800000e+01 3.647264900000e+01  1 1 1   0.00   0.00   0.00  
H  6.500252000000e+00 1.031577200000e+01 3.685568100000e+01  1 1 1   0.00   0.00   0.00  
C  3.011590000000e+00 1.045515000000e+01 3.657196100000e+01  1 1 1   0.00   0.00   0.00  
C  4.309729000000e+00 1.023418300000e+01 3.725195700000e+01  1 1 1   0.00   0.00   0.00  
C  1.922657000000e+00 1.000092200000e+01 3.754450000000e+01  1 1 1   0.00   0.00   0.00  
O  7.201630000000e-01 9.878132000000e+00 3.725048500000e+01  1 1 1   0.00   0.00   0.00  
C  4.115009000000e+00 9.715375000000e+00 3.866989900000e+01  1 1 1   0.00   0.00   0.00  
N  2.556186000000e+00 9.617071000000e+00 3.887507400000e+01  1 1 1   0.00   0.00   0.00  
O  4.963699000000e+00 9.398126000000e+00 3.949004800000e+01  1 1 1   0.00   0.00   0.00  
C  1.904485000000e+00 8.869341000000e+00 3.998108000000e+01  1 1 1   0.00   0.00   0.00  
H  3.617113000000e+00 8.949352000000e+00 4.138384700000e+01  1 1 1   0.00   0.00   0.00  
H  -1.286330000000e-01 8.556798000000e+00 3.914373300000e+01  1 1 1   0.00   0.00   0.00  
C  2.592300000000e+00 8.627924000000e+00 4.121154000000e+01  1 1 1   0.00   0.00   0.00  
C  5.520610000000e-01 8.380020000000e+00 3.999210700000e+01  1 1 1   0.00   0.00   0.00  
C  2.149012000000e+00 8.006526000000e+00 4.246162300000e+01  1 1 1   0.00   0.00   0.00  
C  -2.414300000000e-02 7.768003000000e+00 4.114923700000e+01  1 1 1   0.00   0.00   0.00  
H  -1.067154000000e+00 7.414096000000e+00 4.119929900000e+01  1 1 1   0.00   0.00   0.00  
O  1.640166000000e+00 6.369018000000e+00 4.514859100000e+01  1 1 1   0.00   0.00   0.00  
C  7.348840000000e-01 7.671598000000e+00 4.234648100000e+01  1 1 1   0.00   0.00   0.00  
N  3.074782000000e+00 7.670794000000e+00 4.362781500000e+01  1 1 1   0.00   0.00   0.00  
C  2.689141000000e+00 6.775045000000e+00 4.481341800000e+01  1 1 1   0.00   0.00   0.00  
O  5.336927000000e+00 8.358543000000e+00 4.287981200000e+01  1 1 1   0.00   0.00   0.00  
C  4.638192000000e+00 7.814682000000e+00 4.365143100000e+01  1 1 1   0.00   0.00   0.00  
H  2.740370000000e-01 7.263089000000e+00 4.321106300000e+01  1 1 1   0.00   0.00   0.00  
C  4.004074000000e+00 6.420867000000e+00 4.557158700000e+01  1 1 1   0.00   0.00   0.00  
C  5.171850000000e+00 7.062951000000e+00 4.486699700000e+01  1 1 1   0.00   0.00   0.00  
H  3.313610000000e+00 5.090944000000e+00 4.718397400000e+01  1 1 1   0.00   0.00   0.00  
C  4.177229000000e+00 5.546881000000e+00 4.669765500000e+01  1 1 1   0.00   0.00   0.00  
C  6.490800000000e+00 6.757412000000e+00 4.537729000000e+01  1 1 1   0.00   0.00   0.00  
H  7.358967000000e+00 7.196804000000e+00 4.487164200000e+01  1 1 1   0.00   0.00   0.00  
C  5.492337000000e+00 5.408183000000e+00 4.725072600000e+01  1 1 1   0.00   0.00   0.00  
C  6.629480000000e+00 5.899820000000e+00 4.649893700000e+01  1 1 1   0.00   0.00   0.00  
O  5.665148000000e+00 4.828877000000e+00 4.847429600000e+01  1 1 1   0.00   0.00   0.00  
H  7.636475000000e+00 5.574738000000e+00 4.682498100000e+01  1 1 1   0.00   0.00   0.00  
"  
