description="scf_efield_z.in"  
#******** REAL SPACE GRID ********   
wavefunction_grid="48 44 312"  
potential_grid_refinement="2"  
  
#******* CONTROL OPTIONS *******  
start_mode          ="LCAO Start"  
calculation_mode    ="Relax Structure  "  
kohn_sham_solver    ="davidson"  
subdiag_driver      ="auto"  
#auto: if cuda available, use cusolver, otherwise use lapack for n<128 and scaplack for large system  
cube_rho = "False"  
  
#********* K POINT SETUP *********  
kpoint_mesh="3 3 2  "  
kpoint_is_shift="0 0 0"   
kpoint_distribution = "1"   
  
#******* Pseudopotentials *******   
internal_pseudo_type = "sg15"  
#use Optimized Norm-Conserving Vanderbilt (ONCV) pseudopotenitals  
#those pseudopotentials are built in with RMG  
write_pseudopotential_plots ="False"  
  
#*****Exchange Correlation ******  
exchange_correlation_type="AUTO_XC"  
#AUTO_XC: XC will be determined from pseudopotential  
  
#****  LATTICE and ATOMS  ****   
bravais_lattice_type="None"  
crds_units = "Bohr"  
lattice_units = "Bohr"  
lattice_vector="  
 1.435810891252e+01  0.000000000000e+00  0.000000000000e+00   
 0.000000000000e+00  1.301577543998e+01  0.000000000000e+00   
 0.000000000000e+00  0.000000000000e+00  9.687291019829e+01   
"  
atomic_coordinate_type = "Absolute"  
atoms="  
C  6.433082000000e+00 5.353520000000e+00 4.417223000000e+00  1 1 1   0.00   0.00   0.00  
C  7.858501000000e+00 5.567752000000e+00 4.559081000000e+00  1 1 1   0.00   0.00   0.00  
C  8.663055000000e+00 5.856648000000e+00 3.434695000000e+00  1 1 1   0.00   0.00   0.00  
C  8.054260000000e+00 6.000246000000e+00 2.142982000000e+00  1 1 1   0.00   0.00   0.00  
C  5.777669000000e+00 5.504540000000e+00 3.147582000000e+00  1 1 1   0.00   0.00   0.00  
C  6.558066000000e+00 5.827022000000e+00 1.991481000000e+00  1 1 1   0.00   0.00   0.00  
C  8.688980000000e+00 6.351262000000e+00 7.912090000000e-01  1 1 1   0.00   0.00   0.00  
N  7.532513000000e+00 6.447985000000e+00 -2.423960000000e-01  1 1 1   0.00   0.00   0.00  
C  3.700560000000e+00 5.821747000000e+00 2.142915800000e+01  1 1 1   0.00   0.00   0.00  
H  8.329676000000e+00 5.487021000000e+00 5.533240000000e+00  1 1 1   0.00   0.00   0.00  
H  9.741100000000e+00 5.980310000000e+00 3.542533000000e+00  1 1 1   0.00   0.00   0.00  
H  4.700208000000e+00 5.398935000000e+00 3.057638000000e+00  1 1 1   0.00   0.00   0.00  
O  5.109385000000e+00 5.930871000000e+00 6.608600000000e-02  1 1 1   0.00   0.00   0.00  
C  6.195147000000e+00 6.055464000000e+00 5.235660000000e-01  1 1 1   0.00   0.00   0.00  
O  9.854931000000e+00 6.475855000000e+00 5.932720000000e-01  1 1 1   0.00   0.00   0.00  
C  5.595802000000e+00 4.988605000000e+00 5.639864000000e+00  1 1 1   0.00   0.00   0.00  
C  4.272949000000e+00 4.422210000000e+00 5.339123000000e+00  1 1 1   0.00   0.00   0.00  
C  3.317894000000e+00 4.251193000000e+00 6.342445000000e+00  1 1 1   0.00   0.00   0.00  
C  3.671339000000e+00 4.615245000000e+00 7.706025000000e+00  1 1 1   0.00   0.00   0.00  
C  6.024984000000e+00 5.231915000000e+00 7.030550000000e+00  1 1 1   0.00   0.00   0.00  
C  5.060036000000e+00 5.081409000000e+00 8.072006000000e+00  1 1 1   0.00   0.00   0.00  
C  2.750380000000e+00 4.688726000000e+00 8.916686000000e+00  1 1 1   0.00   0.00   0.00  
N  3.585383000000e+00 5.257514000000e+00 1.010575600000e+01  1 1 1   0.00   0.00   0.00  
O  1.596342000000e+00 4.387512000000e+00 8.888146000000e+00  1 1 1   0.00   0.00   0.00  
H  4.011441000000e+00 4.147168000000e+00 4.317130000000e+00  1 1 1   0.00   0.00   0.00  
H  2.314705000000e+00 3.887466000000e+00 6.115683000000e+00  1 1 1   0.00   0.00   0.00  
H  7.024197000000e+00 5.608366000000e+00 7.247446000000e+00  1 1 1   0.00   0.00   0.00  
O  6.008466000000e+00 5.829351000000e+00 1.016448200000e+01  1 1 1   0.00   0.00   0.00  
C  5.060948000000e+00 5.440095000000e+00 9.565899000000e+00  1 1 1   0.00   0.00   0.00  
C  4.437986000000e+00 6.379783000000e+00 2.253376000000e+01  1 1 1   0.00   0.00   0.00  
H  8.170902000000e+00 6.848651000000e+00 4.286783300000e+01  1 1 1   0.00   0.00   0.00  
H  5.342292000000e+00 5.279501000000e+00 1.793129600000e+01  1 1 1   0.00   0.00   0.00  
C  1.479852000000e+00 6.225064000000e+00 1.782805300000e+01  1 1 1   0.00   0.00   0.00  
C  2.200582000000e+00 5.985631000000e+00 1.658148200000e+01  1 1 1   0.00   0.00   0.00  
C  3.606489000000e+00 5.622759000000e+00 1.666497700000e+01  1 1 1   0.00   0.00   0.00  
C  4.277255000000e+00 5.534397000000e+00 1.789453700000e+01  1 1 1   0.00   0.00   0.00  
C  3.548617000000e+00 5.786803000000e+00 1.912896900000e+01  1 1 1   0.00   0.00   0.00  
C  2.130692000000e+00 6.104989000000e+00 1.906223100000e+01  1 1 1   0.00   0.00   0.00  
C  8.915282000000e+00 7.019978000000e+00 4.890433400000e+01  1 1 1   0.00   0.00   0.00  
H  1.878030000000e+00 4.662721000000e+00 2.092988900000e+01  1 1 1   0.00   0.00   0.00  
O  4.308959000000e+00 5.893105000000e+00 2.022563200000e+01  1 1 1   0.00   0.00   0.00  
H  9.972300000000e-02 5.455056000000e+00 1.331337200000e+01  1 1 1   0.00   0.00   0.00  
C  1.161468000000e+00 5.640396000000e+00 1.312180700000e+01  1 1 1   0.00   0.00   0.00  
C  1.665119000000e+00 5.482416000000e+00 1.180020900000e+01  1 1 1   0.00   0.00   0.00  
H  9.874200000000e-01 4.677762000000e+00 2.321125900000e+01  1 1 1   0.00   0.00   0.00  
C  3.051902000000e+00 5.621719000000e+00 1.144813700000e+01  1 1 1   0.00   0.00   0.00  
O  1.479980000000e+00 6.035362000000e+00 1.545690400000e+01  1 1 1   0.00   0.00   0.00  
C  3.862469000000e+00 6.076852000000e+00 1.253894100000e+01  1 1 1   0.00   0.00   0.00  
H  4.922535000000e+00 6.258865000000e+00 1.235515900000e+01  1 1 1   0.00   0.00   0.00  
C  3.379796000000e+00 6.315433000000e+00 1.385443700000e+01  1 1 1   0.00   0.00   0.00  
H  4.074119000000e+00 6.716400000000e+00 1.459695500000e+01  1 1 1   0.00   0.00   0.00  
C  2.018028000000e+00 6.022998000000e+00 1.421668000000e+01  1 1 1   0.00   0.00   0.00  
H  4.174274000000e+00 5.402197000000e+00 1.576601600000e+01  1 1 1   0.00   0.00   0.00  
H  4.200900000000e-01 6.502738000000e+00 1.780626900000e+01  1 1 1   0.00   0.00   0.00  
C  3.941917000000e+00 6.281046000000e+00 2.386296800000e+01  1 1 1   0.00   0.00   0.00  
C  2.659575000000e+00 5.716568000000e+00 2.416290200000e+01  1 1 1   0.00   0.00   0.00  
H  4.552647000000e+00 6.693104000000e+00 2.466986200000e+01  1 1 1   0.00   0.00   0.00  
C  1.953400000000e+00 5.156066000000e+00 2.304114100000e+01  1 1 1   0.00   0.00   0.00  
H  1.562977000000e+00 6.299343000000e+00 1.997292400000e+01  1 1 1   0.00   0.00   0.00  
C  2.450733000000e+00 5.163361000000e+00 2.171490400000e+01  1 1 1   0.00   0.00   0.00  
H  9.506790000000e-01 5.207283000000e+00 1.102207100000e+01  1 1 1   0.00   0.00   0.00  
C  7.157740000000e-01 5.265409000000e+00 3.019809000000e+01  1 1 1   0.00   0.00   0.00  
C  -5.283530000000e-01 4.865501000000e+00 2.956493700000e+01  1 1 1   0.00   0.00   0.00  
C  -6.971600000000e-01 4.861943000000e+00 2.816728400000e+01  1 1 1   0.00   0.00   0.00  
C  4.335520000000e-01 5.217718000000e+00 2.734247900000e+01  1 1 1   0.00   0.00   0.00  
C  1.854401000000e+00 5.634824000000e+00 2.940801700000e+01  1 1 1   0.00   0.00   0.00  
C  1.733988000000e+00 5.658548000000e+00 2.798356400000e+01  1 1 1   0.00   0.00   0.00  
C  6.034820000000e-01 5.142420000000e+00 2.582993900000e+01  1 1 1   0.00   0.00   0.00  
N  2.016576000000e+00 5.757485000000e+00 2.550428200000e+01  1 1 1   0.00   0.00   0.00  
C  8.985509000000e+00 7.350285000000e+00 4.752716300000e+01  1 1 1   0.00   0.00   0.00  
H  -1.384446000000e+00 4.534100000000e+00 3.014902900000e+01  1 1 1   0.00   0.00   0.00  
H  -1.646505000000e+00 4.560983000000e+00 2.771475500000e+01  1 1 1   0.00   0.00   0.00  
H  2.794657000000e+00 5.920278000000e+00 2.987983600000e+01  1 1 1   0.00   0.00   0.00  
O  3.812379000000e+00 6.487069000000e+00 2.706150700000e+01  1 1 1   0.00   0.00   0.00  
C  2.721941000000e+00 6.050586000000e+00 2.688107300000e+01  1 1 1   0.00   0.00   0.00  
O  -1.588460000000e-01 4.594542000000e+00 2.509718700000e+01  1 1 1   0.00   0.00   0.00  
H  5.966060000000e-01 5.946593000000e+00 3.875776100000e+01  1 1 1   0.00   0.00   0.00  
C  7.980670000000e-01 5.333959000000e+00 3.171387600000e+01  1 1 1   0.00   0.00   0.00  
C  -5.157750000000e-01 5.221576000000e+00 3.235352000000e+01  1 1 1   0.00   0.00   0.00  
C  -6.798750000000e-01 5.294659000000e+00 3.373849600000e+01  1 1 1   0.00   0.00   0.00  
C  4.843500000000e-01 5.549365000000e+00 3.456565000000e+01  1 1 1   0.00   0.00   0.00  
C  1.997226000000e+00 5.561155000000e+00 3.253196900000e+01  1 1 1   0.00   0.00   0.00  
C  1.856206000000e+00 5.680096000000e+00 3.394842500000e+01  1 1 1   0.00   0.00   0.00  
C  5.492370000000e-01 5.827852000000e+00 3.606399900000e+01  1 1 1   0.00   0.00   0.00  
N  2.029434000000e+00 6.180876000000e+00 3.641357500000e+01  1 1 1   0.00   0.00   0.00  
O  -3.951870000000e-01 5.790781000000e+00 3.678889600000e+01  1 1 1   0.00   0.00   0.00  
H  -1.417949000000e+00 5.107332000000e+00 3.176013000000e+01  1 1 1   0.00   0.00   0.00  
H  -1.668913000000e+00 5.206995000000e+00 3.418210700000e+01  1 1 1   0.00   0.00   0.00  
H  2.983598000000e+00 5.670064000000e+00 3.207307000000e+01  1 1 1   0.00   0.00   0.00  
O  4.024813000000e+00 6.044403000000e+00 3.494216700000e+01  1 1 1   0.00   0.00   0.00  
C  2.848877000000e+00 5.995510000000e+00 3.507746700000e+01  1 1 1   0.00   0.00   0.00  
C  7.842517000000e+00 7.196583000000e+00 4.665401000000e+01  1 1 1   0.00   0.00   0.00  
O  7.945675000000e+00 7.536056000000e+00 4.536533500000e+01  1 1 1   0.00   0.00   0.00  
H  5.262496000000e+00 8.151064000000e+00 4.585866900000e+01  1 1 1   0.00   0.00   0.00  
C  6.086693000000e+00 6.729298000000e+00 4.228029200000e+01  1 1 1   0.00   0.00   0.00  
C  4.703955000000e+00 6.885216000000e+00 4.268091000000e+01  1 1 1   0.00   0.00   0.00  
C  4.439892000000e+00 7.392186000000e+00 4.402109500000e+01  1 1 1   0.00   0.00   0.00  
C  5.497462000000e+00 7.712471000000e+00 4.489277800000e+01  1 1 1   0.00   0.00   0.00  
C  6.881460000000e+00 7.455551000000e+00 4.453359000000e+01  1 1 1   0.00   0.00   0.00  
C  7.137265000000e+00 7.004365000000e+00 4.317929500000e+01  1 1 1   0.00   0.00   0.00  
H  5.660909000000e+00 5.996383000000e+00 4.906428700000e+01  1 1 1   0.00   0.00   0.00  
H  9.828804000000e+00 7.136015000000e+00 4.949907000000e+01  1 1 1   0.00   0.00   0.00  
H  9.932827000000e+00 7.720404000000e+00 4.711895300000e+01  1 1 1   0.00   0.00   0.00  
H  1.349121000000e+00 6.045492000000e+00 4.107215500000e+01  1 1 1   0.00   0.00   0.00  
C  2.084434000000e+00 6.180185000000e+00 4.027958000000e+01  1 1 1   0.00   0.00   0.00  
C  1.659206000000e+00 6.129766000000e+00 3.892830400000e+01  1 1 1   0.00   0.00   0.00  
C  2.543760000000e+00 6.292179000000e+00 3.780937300000e+01  1 1 1   0.00   0.00   0.00  
O  3.623746000000e+00 6.544150000000e+00 4.196590900000e+01  1 1 1   0.00   0.00   0.00  
C  3.904972000000e+00 6.549971000000e+00 3.818246200000e+01  1 1 1   0.00   0.00   0.00  
H  4.638883000000e+00 6.705497000000e+00 3.738663300000e+01  1 1 1   0.00   0.00   0.00  
C  4.371167000000e+00 6.627066000000e+00 3.952107100000e+01  1 1 1   0.00   0.00   0.00  
H  5.426297000000e+00 6.847202000000e+00 3.968217800000e+01  1 1 1   0.00   0.00   0.00  
C  3.469525000000e+00 6.431205000000e+00 4.063131100000e+01  1 1 1   0.00   0.00   0.00  
H  3.405140000000e+00 7.550925000000e+00 4.434388900000e+01  1 1 1   0.00   0.00   0.00  
H  6.323310000000e+00 6.360260000000e+00 4.128648200000e+01  1 1 1   0.00   0.00   0.00  
C  6.658848000000e+00 6.640786000000e+00 4.726406300000e+01  1 1 1   0.00   0.00   0.00  
C  6.597236000000e+00 6.384732000000e+00 4.865789200000e+01  1 1 1   0.00   0.00   0.00  
H  5.778655000000e+00 6.404739000000e+00 4.666487600000e+01  1 1 1   0.00   0.00   0.00  
C  7.705805000000e+00 6.591396000000e+00 4.954751300000e+01  1 1 1   0.00   0.00   0.00  
H  5.385447000000e+00 6.874650000000e+00 2.232338800000e+01  1 1 1   0.00   0.00   0.00  
C  6.525050000000e+00 9.540941000000e+00 2.866090000000e-01  1 1 1   0.00   0.00   0.00  
C  7.928035000000e+00 9.906392000000e+00 1.786710000000e-01  1 1 1   0.00   0.00   0.00  
C  8.523642000000e+00 1.022921600000e+01 -1.055853000000e+00  1 1 1   0.00   0.00   0.00  
C  7.729584000000e+00 1.019799500000e+01 -2.258157000000e+00  1 1 1   0.00   0.00   0.00  
C  5.679585000000e+00 9.557527000000e+00 -8.861570000000e-01  1 1 1   0.00   0.00   0.00  
C  6.258439000000e+00 9.857612000000e+00 -2.152850000000e+00  1 1 1   0.00   0.00   0.00  
C  8.046399000000e+00 1.052913400000e+01 -3.712644000000e+00  1 1 1   0.00   0.00   0.00  
N  6.705390000000e+00 1.045090300000e+01 -4.527363000000e+00  1 1 1   0.00   0.00   0.00  
C  5.930570000000e+00 9.102118000000e+00 1.798656700000e+01  1 1 1   0.00   0.00   0.00  
H  8.549883000000e+00 9.935562000000e+00 1.072411000000e+00  1 1 1   0.00   0.00   0.00  
H  9.580947000000e+00 1.051088400000e+01 -1.100463000000e+00  1 1 1   0.00   0.00   0.00  
H  4.609147000000e+00 9.352094000000e+00 -8.392590000000e-01  1 1 1   0.00   0.00   0.00  
O  4.482813000000e+00 9.632302000000e+00 -3.788917000000e+00  1 1 1   0.00   0.00   0.00  
C  5.602337000000e+00 9.952380000000e+00 -3.545243000000e+00  1 1 1   0.00   0.00   0.00  
O  9.121888000000e+00 1.084047500000e+01 -4.115301000000e+00  1 1 1   0.00   0.00   0.00  
C  5.937281000000e+00 9.145389000000e+00 1.611148000000e+00  1 1 1   0.00   0.00   0.00  
C  4.548522000000e+00 8.689471000000e+00 1.575516000000e+00  1 1 1   0.00   0.00   0.00  
C  3.848919000000e+00 8.291678000000e+00 2.724979000000e+00  1 1 1   0.00   0.00   0.00  
C  4.530436000000e+00 8.347180000000e+00 3.997058000000e+00  1 1 1   0.00   0.00   0.00  
C  6.666766000000e+00 9.180647000000e+00 2.868103000000e+00  1 1 1   0.00   0.00   0.00  
C  5.975599000000e+00 8.805710000000e+00 4.061256000000e+00  1 1 1   0.00   0.00   0.00  
C  3.984498000000e+00 8.046210000000e+00 5.389088000000e+00  1 1 1   0.00   0.00   0.00  
N  5.182742000000e+00 8.271171000000e+00 6.381969000000e+00  1 1 1   0.00   0.00   0.00  
O  2.845813000000e+00 7.786493000000e+00 5.622657000000e+00  1 1 1   0.00   0.00   0.00  
H  4.006640000000e+00 8.636209000000e+00 6.387740000000e-01  1 1 1   0.00   0.00   0.00  
H  2.810084000000e+00 7.962723000000e+00 2.665120000000e+00  1 1 1   0.00   0.00   0.00  
H  7.709031000000e+00 9.508101000000e+00 2.919676000000e+00  1 1 1   0.00   0.00   0.00  
O  7.434603000000e+00 9.230881000000e+00 5.925301000000e+00  1 1 1   0.00   0.00   0.00  
C  6.396852000000e+00 8.806369000000e+00 5.532001000000e+00  1 1 1   0.00   0.00   0.00  
C  6.381034000000e+00 9.682776000000e+00 1.922787100000e+01  1 1 1   0.00   0.00   0.00  
H  4.031189000000e+00 9.139162000000e+00 4.168027600000e+01  1 1 1   0.00   0.00   0.00  
H  7.618800000000e+00 7.763751000000e+00 1.479004400000e+01  1 1 1   0.00   0.00   0.00  
C  4.427643000000e+00 9.981056000000e+00 1.415053400000e+01  1 1 1   0.00   0.00   0.00  
C  5.057507000000e+00 9.286592000000e+00 1.303279900000e+01  1 1 1   0.00   0.00   0.00  
C  6.238569000000e+00 8.484948000000e+00 1.328587600000e+01  1 1 1   0.00   0.00   0.00  
C  6.733620000000e+00 8.367083000000e+00 1.459823800000e+01  1 1 1   0.00   0.00   0.00  
C  6.095310000000e+00 9.028064000000e+00 1.572319400000e+01  1 1 1   0.00   0.00   0.00  
C  4.903182000000e+00 9.814297000000e+00 1.546173700000e+01  1 1 1   0.00   0.00   0.00  
C  7.721775000000e+00 1.047191800000e+01 4.439153800000e+01  1 1 1   0.00   0.00   0.00  
H  4.195713000000e+00 8.124831000000e+00 1.703216600000e+01  1 1 1   0.00   0.00   0.00  
O  6.734892000000e+00 9.035514000000e+00 1.691049900000e+01  1 1 1   0.00   0.00   0.00  
H  2.591471000000e+00 8.222775000000e+00 1.033663900000e+01  1 1 1   0.00   0.00   0.00  
C  3.568475000000e+00 8.413241000000e+00 9.884744000000e+00  1 1 1   0.00   0.00   0.00  
C  3.740194000000e+00 8.287944000000e+00 8.486455000000e+00  1 1 1   0.00   0.00   0.00  
H  2.679699000000e+00 8.443574000000e+00 1.893491500000e+01  1 1 1   0.00   0.00   0.00  
C  5.008401000000e+00 8.499116000000e+00 7.841543000000e+00  1 1 1   0.00   0.00   0.00  
O  4.277957000000e+00 9.251134000000e+00 1.194714100000e+01  1 1 1   0.00   0.00   0.00  
C  6.087843000000e+00 8.892779000000e+00 8.705124000000e+00  1 1 1   0.00   0.00   0.00  
H  7.072679000000e+00 9.082447000000e+00 8.265891000000e+00  1 1 1   0.00   0.00   0.00  
C  5.957523000000e+00 9.049703000000e+00 1.010465800000e+01  1 1 1   0.00   0.00   0.00  
H  6.820547000000e+00 9.360522000000e+00 1.069792600000e+01  1 1 1   0.00   0.00   0.00  
C  4.673214000000e+00 8.828112000000e+00 1.072633900000e+01  1 1 1   0.00   0.00   0.00  
H  6.739980000000e+00 7.961152000000e+00 1.246954700000e+01  1 1 1   0.00   0.00   0.00  
H  3.550749000000e+00 1.060360700000e+01 1.395637000000e+01  1 1 1   0.00   0.00   0.00  
C  5.512757000000e+00 9.764523000000e+00 2.034658500000e+01  1 1 1   0.00   0.00   0.00  
C  4.156303000000e+00 9.298344000000e+00 2.031506000000e+01  1 1 1   0.00   0.00   0.00  
H  5.894452000000e+00 1.021245700000e+01 2.127073000000e+01  1 1 1   0.00   0.00   0.00  
C  3.712158000000e+00 8.781178000000e+00 1.904884700000e+01  1 1 1   0.00   0.00   0.00  
H  4.380193000000e+00 1.030456900000e+01 1.628378600000e+01  1 1 1   0.00   0.00   0.00  
C  4.572912000000e+00 8.611246000000e+00 1.793655400000e+01  1 1 1   0.00   0.00   0.00  
H  2.865862000000e+00 8.011031000000e+00 7.889052000000e+00  1 1 1   0.00   0.00   0.00  
C  9.174330000000e-01 8.680975000000e+00 2.579047800000e+01  1 1 1   0.00   0.00   0.00  
C  -1.210830000000e-01 8.215226000000e+00 2.486464900000e+01  1 1 1   0.00   0.00   0.00  
C  8.223500000000e-02 8.202349000000e+00 2.348115500000e+01  1 1 1   0.00   0.00   0.00  
C  1.380973000000e+00 8.582842000000e+00 2.296807300000e+01  1 1 1   0.00   0.00   0.00  
C  2.255275000000e+00 9.050822000000e+00 2.529571000000e+01  1 1 1   0.00   0.00   0.00  
C  2.506065000000e+00 9.001044000000e+00 2.389076000000e+01  1 1 1   0.00   0.00   0.00  
C  1.818349000000e+00 8.698776000000e+00 2.151179400000e+01  1 1 1   0.00   0.00   0.00  
N  3.285072000000e+00 9.234547000000e+00 2.151987800000e+01  1 1 1   0.00   0.00   0.00  
C  7.645864000000e+00 1.044577500000e+01 4.297355700000e+01  1 1 1   0.00   0.00   0.00  
H  -1.091400000000e+00 7.898330000000e+00 2.523087300000e+01  1 1 1   0.00   0.00   0.00  
H  -7.162900000000e-01 7.929539000000e+00 2.279776500000e+01  1 1 1   0.00   0.00   0.00  
H  3.042268000000e+00 9.387026000000e+00 2.597061700000e+01  1 1 1   0.00   0.00   0.00  
O  4.787002000000e+00 9.670966000000e+00 2.347025200000e+01  1 1 1   0.00   0.00   0.00  
C  3.724415000000e+00 9.370750000000e+00 2.303825200000e+01  1 1 1   0.00   0.00   0.00  
O  1.105652000000e+00 8.478851000000e+00 2.058269300000e+01  1 1 1   0.00   0.00   0.00  
H  -7.588190000000e-01 8.851508000000e+00 3.416875700000e+01  1 1 1   0.00   0.00   0.00  
C  4.982430000000e-01 8.744107000000e+00 2.724427900000e+01  1 1 1   0.00   0.00   0.00  
C  -8.734880000000e-01 8.462991000000e+00 2.764013900000e+01  1 1 1   0.00   0.00   0.00  
C  -1.246608000000e+00 8.374871000000e+00 2.899205100000e+01  1 1 1   0.00   0.00   0.00  
C  -2.350350000000e-01 8.609009000000e+00 2.999202800000e+01  1 1 1   0.00   0.00   0.00  
C  1.511847000000e+00 9.058287000000e+00 2.821217300000e+01  1 1 1   0.00   0.00   0.00  
C  1.189179000000e+00 8.961254000000e+00 2.959766000000e+01  1 1 1   0.00   0.00   0.00  
C  -3.543170000000e-01 8.555471000000e+00 3.150992100000e+01  1 1 1   0.00   0.00   0.00  
N  1.074066000000e+00 8.785608000000e+00 3.208223600000e+01  1 1 1   0.00   0.00   0.00  
O  -1.376782000000e+00 8.395050000000e+00 3.210257500000e+01  1 1 1   0.00   0.00   0.00  
H  -1.654751000000e+00 8.293994000000e+00 2.690273300000e+01  1 1 1   0.00   0.00   0.00  
H  -2.271226000000e+00 8.124438000000e+00 2.928880100000e+01  1 1 1   0.00   0.00   0.00  
H  2.526594000000e+00 9.311932000000e+00 2.790409300000e+01  1 1 1   0.00   0.00   0.00  
O  3.214012000000e+00 9.345069000000e+00 3.085376200000e+01  1 1 1   0.00   0.00   0.00  
C  2.058727000000e+00 9.087104000000e+00 3.085283100000e+01  1 1 1   0.00   0.00   0.00  
C  6.369786000000e+00 1.052629100000e+01 4.229927100000e+01  1 1 1   0.00   0.00   0.00  
O  6.394136000000e+00 1.044905700000e+01 4.095094300000e+01  1 1 1   0.00   0.00   0.00  
H  6.306577000000e+00 1.100675000000e+01 3.842638100000e+01  1 1 1   0.00   0.00   0.00  
C  3.023246000000e+00 9.328218000000e+00 3.978242700000e+01  1 1 1   0.00   0.00   0.00  
C  3.080635000000e+00 9.752215000000e+00 3.839144500000e+01  1 1 1   0.00   0.00   0.00  
C  4.295030000000e+00 1.039150500000e+01 3.792779800000e+01  1 1 1   0.00   0.00   0.00  
C  5.389333000000e+00 1.054565800000e+01 3.879966900000e+01  1 1 1   0.00   0.00   0.00  
C  5.323633000000e+00 1.015912300000e+01 4.020161600000e+01  1 1 1   0.00   0.00   0.00  
C  4.110853000000e+00 9.510166000000e+00 4.065717000000e+01  1 1 1   0.00   0.00   0.00  
H  4.420502000000e+00 1.089544000000e+01 4.514724500000e+01  1 1 1   0.00   0.00   0.00  
H  8.709761000000e+00 1.037011100000e+01 4.484931600000e+01  1 1 1   0.00   0.00   0.00  
H  8.563056000000e+00 1.034623800000e+01 4.238676300000e+01  1 1 1   0.00   0.00   0.00  
H  -3.666910000000e-01 9.245079000000e+00 3.655885000000e+01  1 1 1   0.00   0.00   0.00  
C  4.871780000000e-01 9.222503000000e+00 3.587461200000e+01  1 1 1   0.00   0.00   0.00  
C  2.736720000000e-01 9.001649000000e+00 3.449671300000e+01  1 1 1   0.00   0.00   0.00  
C  1.339992000000e+00 8.987988000000e+00 3.352592900000e+01  1 1 1   0.00   0.00   0.00  
O  1.944403000000e+00 9.507277000000e+00 3.771751300000e+01  1 1 1   0.00   0.00   0.00  
C  2.665958000000e+00 9.164250000000e+00 3.405018900000e+01  1 1 1   0.00   0.00   0.00  
H  3.517355000000e+00 9.139514000000e+00 3.336039600000e+01  1 1 1   0.00   0.00   0.00  
C  2.921836000000e+00 9.317134000000e+00 3.543318200000e+01  1 1 1   0.00   0.00   0.00  
H  3.954908000000e+00 9.369608000000e+00 3.576616300000e+01  1 1 1   0.00   0.00   0.00  
C  1.835796000000e+00 9.385797000000e+00 3.638375300000e+01  1 1 1   0.00   0.00   0.00  
H  4.381583000000e+00 1.077698900000e+01 3.690949100000e+01  1 1 1   0.00   0.00   0.00  
H  2.116021000000e+00 8.833440000000e+00 4.014098300000e+01  1 1 1   0.00   0.00   0.00  
C  5.217846000000e+00 1.072814300000e+01 4.314280100000e+01  1 1 1   0.00   0.00   0.00  
C  5.332593000000e+00 1.074166700000e+01 4.455743200000e+01  1 1 1   0.00   0.00   0.00  
H  4.235861000000e+00 1.089269500000e+01 4.269399200000e+01  1 1 1   0.00   0.00   0.00  
C  6.578896000000e+00 1.057612100000e+01 4.524435700000e+01  1 1 1   0.00   0.00   0.00  
H  7.401051000000e+00 1.006961400000e+01 1.930448400000e+01  1 1 1   0.00   0.00   0.00  
"  
