20640
0 0.036019639999999714
1 0.4051480700000001
2 0.48424255000000005
3 -0.12247838000000044
4 -0.005738599999999788
5 0.2545614000000002
6 0.0623634200000002
7 -0.21436865000000013
8 -0.2196652800000002
9 -0.023727279999999934
10 0.3207846399999995
11 0.25391559999999974
12 0.04433357000000021
13 -0.2052194600000004
14 0.019193960000000038
15 -0.12005351800000053
16 -0.12141679000000041
17 0.1761422599999993
18 0.07540693199999982
19 0.3394280200000004
20 0.7921481570000006
21 0.31051751000000005
22 -0.8929485099999999
23 -0.05337274000000031
24 0.51490597
25 0.0017872740000003384
26 -0.14549090999999964
27 -0.14485983000000002
28 0.5235645699999997
29 0.2773509599999999
30 0.12574701499999974
31 -0.9499817400000004
32 0.9864244599999998
33 -0.41843540000000046
34 0.02264392999999973
35 -0.9330349100000004
36 1.3077910090000007
37 0.08088254999999986
38 -0.3444551000000002
39 0.014534950000000268
40 0.4442641820000004
41 -0.15979052999999963
42 -0.0544810899999999
43 -0.15554807999999956
44 -0.40979961000000037
45 0.13458713999999997
46 -0.19533652000000007
47 -0.08524909599999977
48 0.19884749899999982
49 -0.17783750999999978
50 -0.11024296999999969
51 -0.3416011000000003
52 0.10830796000000004
53 0.0889612484
54 0.1578237529999997
55 -0.10378678000000097
56 -0.019946389999999897
57 -0.11031163999999977
58 0.07659930599999973
59 -0.1075333200000003
60 -0.3140737399999999
61 -0.7658983799999997
62 0.3184640099999997
63 0.29961466000000014
64 -1.1098183599999998
65 0.09181812999999994
66 0.7266657399999997
67 -0.6304009999999995
68 0.1683849400000002
69 0.366150234
70 -0.2371557499999991
71 -0.12335813999999995
72 0.1365532400000001
73 0.6332446279999996
74 -1.3013134300000004
75 -0.7416130700000001
76 0.8443238000000003
77 0.3356790600000003
78 -0.4075724300000001
79 0.5656232189999999
