description="init.xyz"  
#******** REAL SPACE GRID ********   
wavefunction_grid="36 36 360"  
potential_grid_refinement="2"  
  
#******* CONTROL OPTIONS *******  
start_mode          ="LCAO Start"  
calculation_mode    ="Relax Structure  "  
kohn_sham_solver    ="davidson"  
subdiag_driver      ="auto"  
#auto: if cuda available, use cusolver, otherwise use lapack for n<128 and scaplack for large system  
cube_rho = "True"  
relax_method="LBFGS"
charge_density_mixing = "0.050000000"

  
#********* K POINT SETUP *********  
kpoint_mesh = "1 1 1"  
kpoint_is_shift = "0 0 0"  
  
#******* Pseudopotentials *******   
internal_pseudo_type = "sg15"  
#use Optimized Norm-Conserving Vanderbilt (ONCV) pseudopotenitals  
#those pseudopotentials are built in with RMG  
write_pseudopotential_plots ="False"  
  
#*****Exchange Correlation ******  
exchange_correlation_type="AUTO_XC"  
#AUTO_XC: XC will be determined from pseudopotential  
  
#****  LATTICE and ATOMS  ****   
bravais_lattice_type="Orthorhombic Primitive"  
crds_units = "Angstrom"  
lattice_units = "Angstrom"  
a_length="      7.00000000"  
b_length="      7.00000000"  
c_length="     6.499500000000e+01"
atomic_coordinate_type = "Absolute"  
atoms="  
H  0.000000000000e+00 0.000000000000e+00 0.000000000000e+00  1 1 1   0.00   0.00   0.00  
C  8.390000000000e-01 0.000000000000e+00 1.292000000000e+00  1 1 1   0.00   0.00   0.00  
H  1.448000000000e+00 -9.040000000000e-01 1.292000000000e+00  1 1 1   0.00   0.00   0.00  
H  1.448000000000e+00 9.040000000000e-01 1.292000000000e+00  1 1 1   0.00   0.00   0.00  
C  0.000000000000e+00 0.000000000000e+00 2.583000000000e+00  1 1 1   0.00   0.00   0.00  
F  -7.490000000000e-01 1.111000000000e+00 2.583000000000e+00  1 1 1   0.00   0.00   0.00  
F  -7.490000000000e-01 -1.111000000000e+00 2.583000000000e+00  1 1 1   0.00   0.00   0.00  
C  8.390000000000e-01 0.000000000000e+00 3.875000000000e+00  1 1 1   0.00   0.00   0.00  
H  1.448000000000e+00 -9.040000000000e-01 3.875000000000e+00  1 1 1   0.00   0.00   0.00  
H  1.448000000000e+00  9.040000000000e-01 3.875000000000e+00  1 1 1   0.00   0.00   0.00  
C  0.000000000000e+00 0.000000000000e+00 5.166000000000e+00  1 1 1   0.00   0.00   0.00  
F  -7.490000000000e-01 1.111000000000e+00 5.166000000000e+00  1 1 1   0.00   0.00   0.00  
F  -7.490000000000e-01 -1.111000000000e+00 5.166000000000e+00  1 1 1   0.00   0.00   0.00  
C  8.390000000000e-01 0.000000000000e+00 6.458000000000e+00  1 1 1   0.00   0.00   0.00  
H  1.448000000000e+00 -9.040000000000e-01 6.458000000000e+00  1 1 1   0.00   0.00   0.00  
H  1.448000000000e+00 9.040000000000e-01 6.458000000000e+00  1 1 1   0.00   0.00   0.00  
C  0.000000000000e+00 0.000000000000e+00 7.749000000000e+00  1 1 1   0.00   0.00   0.00  
F  -7.490000000000e-01 1.111000000000e+00 7.749000000000e+00  1 1 1   0.00   0.00   0.00  
F  -7.490000000000e-01 -1.111000000000e+00 7.749000000000e+00  1 1 1   0.00   0.00   0.00  
C  8.390000000000e-01 0.000000000000e+00 9.041000000000e+00  1 1 1   0.00   0.00   0.00  
H  1.448000000000e+00 -9.040000000000e-01 9.041000000000e+00  1 1 1   0.00   0.00   0.00  
H  1.448000000000e+00 9.040000000000e-01 9.041000000000e+00  1 1 1   0.00   0.00   0.00  
C  0.000000000000e+00 0.000000000000e+00 1.033200000000e+01  1 1 1   0.00   0.00   0.00  
F  -7.490000000000e-01 1.111000000000e+00 1.033200000000e+01  1 1 1   0.00   0.00   0.00  
F  -7.490000000000e-01 -1.111000000000e+00 1.033200000000e+01  1 1 1   0.00   0.00   0.00  
C  8.390000000000e-01 0.000000000000e+00 1.162400000000e+01  1 1 1   0.00   0.00   0.00  
F  1.588000000000e+00 -1.111000000000e+00 1.162400000000e+01  1 1 1   0.00   0.00   0.00  
H  1.448000000000e+00 9.040000000000e-01 1.162400000000e+01  1 1 1   0.00   0.00   0.00  
C  0.000000000000e+00 0.000000000000e+00 1.291600000000e+01  1 1 1   0.00   0.00   0.00  
F  -7.490000000000e-01 1.111000000000e+00 1.291600000000e+01  1 1 1   0.00   0.00   0.00  
F  -7.490000000000e-01 -1.111000000000e+00 1.291600000000e+01  1 1 1   0.00   0.00   0.00  
C  8.390000000000e-01 0.000000000000e+00 1.420700000000e+01  1 1 1   0.00   0.00   0.00  
H  1.448000000000e+00 -9.040000000000e-01 1.420700000000e+01  1 1 1   0.00   0.00   0.00  
H  1.448000000000e+00 9.040000000000e-01 1.420700000000e+01  1 1 1   0.00   0.00   0.00  
C  0.000000000000e+00 0.000000000000e+00 1.549900000000e+01  1 1 1   0.00   0.00   0.00  
F  -7.490000000000e-01 1.111000000000e+00 1.549900000000e+01  1 1 1   0.00   0.00   0.00  
F  -7.490000000000e-01 -1.111000000000e+00 1.549900000000e+01  1 1 1   0.00   0.00   0.00  
C  8.390000000000e-01 0.000000000000e+00 1.679000000000e+01  1 1 1   0.00   0.00   0.00  
H  1.448000000000e+00 -9.040000000000e-01 1.679000000000e+01  1 1 1   0.00   0.00   0.00  
H  1.448000000000e+00 9.040000000000e-01 1.679000000000e+01  1 1 1   0.00   0.00   0.00  
C  0.000000000000e+00 0.000000000000e+00 1.808200000000e+01  1 1 1   0.00   0.00   0.00  
F  -7.490000000000e-01 1.111000000000e+00 1.808200000000e+01  1 1 1   0.00   0.00   0.00  
F  -7.490000000000e-01 -1.111000000000e+00 1.808200000000e+01  1 1 1   0.00   0.00   0.00  
C  8.390000000000e-01 0.000000000000e+00 1.937300000000e+01  1 1 1   0.00   0.00   0.00  
H  1.448000000000e+00 -9.040000000000e-01 1.937300000000e+01  1 1 1   0.00   0.00   0.00  
F  1.588000000000e+00 1.111000000000e+00 1.937300000000e+01  1 1 1   0.00   0.00   0.00  
C  0.000000000000e+00 0.000000000000e+00 2.066500000000e+01  1 1 1   0.00   0.00   0.00  
F  -7.490000000000e-01 1.111000000000e+00 2.066500000000e+01  1 1 1   0.00   0.00   0.00  
F  -7.490000000000e-01 -1.111000000000e+00 2.066500000000e+01  1 1 1   0.00   0.00   0.00  
C  8.390000000000e-01 0.000000000000e+00 2.195600000000e+01  1 1 1   0.00   0.00   0.00  
H  1.448000000000e+00 -9.040000000000e-01 2.195600000000e+01  1 1 1   0.00   0.00   0.00  
H  1.448000000000e+00 9.040000000000e-01 2.195600000000e+01  1 1 1   0.00   0.00   0.00  
C  0.000000000000e+00 0.000000000000e+00 2.324800000000e+01  1 1 1   0.00   0.00   0.00  
F  -7.490000000000e-01 1.111000000000e+00 2.324800000000e+01  1 1 1   0.00   0.00   0.00  
F  -7.490000000000e-01 -1.111000000000e+00 2.324800000000e+01  1 1 1   0.00   0.00   0.00  
C  8.390000000000e-01 0.000000000000e+00 2.454000000000e+01  1 1 1   0.00   0.00   0.00  
H  1.448000000000e+00 -9.040000000000e-01 2.454000000000e+01  1 1 1   0.00   0.00   0.00  
H  1.448000000000e+00 9.040000000000e-01 2.454000000000e+01  1 1 1   0.00   0.00   0.00  
C  0.000000000000e+00 0.000000000000e+00 2.583100000000e+01  1 1 1   0.00   0.00   0.00  
F  -7.490000000000e-01 1.111000000000e+00 2.583100000000e+01  1 1 1   0.00   0.00   0.00  
F  -7.490000000000e-01 -1.111000000000e+00 2.583100000000e+01  1 1 1   0.00   0.00   0.00  
C  8.390000000000e-01 0.000000000000e+00 2.712300000000e+01  1 1 1   0.00   0.00   0.00  
F  1.588000000000e+00 -1.111000000000e+00 2.712300000000e+01  1 1 1   0.00   0.00   0.00  
H  1.448000000000e+00 9.040000000000e-01 2.712300000000e+01  1 1 1   0.00   0.00   0.00  
C  0.000000000000e+00 0.000000000000e+00 2.841400000000e+01  1 1 1   0.00   0.00   0.00  
F  -7.490000000000e-01 1.111000000000e+00 2.841400000000e+01  1 1 1   0.00   0.00   0.00  
F  -7.490000000000e-01 -1.111000000000e+00 2.841400000000e+01  1 1 1   0.00   0.00   0.00  
C  8.390000000000e-01 0.000000000000e+00 2.970600000000e+01  1 1 1   0.00   0.00   0.00  
H  1.448000000000e+00 -9.040000000000e-01 2.970600000000e+01  1 1 1   0.00   0.00   0.00  
C  0.000000000000e+00 0.000000000000e+00 3.099700000000e+01  1 1 1   0.00   0.00   0.00  
F  -7.490000000000e-01 1.111000000000e+00 3.099700000000e+01  1 1 1   0.00   0.00   0.00  
C  8.390000000000e-01 0.000000000000e+00 3.228900000000e+01  1 1 1   0.00   0.00   0.00  
H  1.448000000000e+00 -9.040000000000e-01 3.228900000000e+01  1 1 1   0.00   0.00   0.00  
H  1.448000000000e+00 9.040000000000e-01 3.228900000000e+01  1 1 1   0.00   0.00   0.00  
C  0.000000000000e+00 0.000000000000e+00 3.358000000000e+01  1 1 1   0.00   0.00   0.00  
F  -7.490000000000e-01 1.111000000000e+00 3.358000000000e+01  1 1 1   0.00   0.00   0.00  
F  -7.490000000000e-01 -1.111000000000e+00 3.358000000000e+01  1 1 1   0.00   0.00   0.00  
C  8.390000000000e-01 0.000000000000e+00 3.487200000000e+01  1 1 1   0.00   0.00   0.00  
H  1.448000000000e+00 -9.040000000000e-01 3.487200000000e+01  1 1 1   0.00   0.00   0.00  
F  1.588000000000e+00 1.111000000000e+00 3.487200000000e+01  1 1 1   0.00   0.00   0.00  
C  0.000000000000e+00 0.000000000000e+00 3.616300000000e+01  1 1 1   0.00   0.00   0.00  
F  -7.490000000000e-01 1.111000000000e+00 3.616300000000e+01  1 1 1   0.00   0.00   0.00  
F  -7.490000000000e-01 -1.111000000000e+00 3.616300000000e+01  1 1 1   0.00   0.00   0.00  
C  8.390000000000e-01 0.000000000000e+00 3.745500000000e+01  1 1 1   0.00   0.00   0.00  
H  1.448000000000e+00 -9.040000000000e-01 3.745500000000e+01  1 1 1   0.00   0.00   0.00  
H  1.448000000000e+00 9.040000000000e-01 3.745500000000e+01  1 1 1   0.00   0.00   0.00  
C  0.000000000000e+00 0.000000000000e+00 3.874700000000e+01  1 1 1   0.00   0.00   0.00  
F  -7.490000000000e-01 1.111000000000e+00 3.874700000000e+01  1 1 1   0.00   0.00   0.00  
F  -7.490000000000e-01 -1.111000000000e+00 3.874700000000e+01  1 1 1   0.00   0.00   0.00  
C  8.390000000000e-01 0.000000000000e+00 4.003800000000e+01  1 1 1   0.00   0.00   0.00  
H  1.448000000000e+00 -9.040000000000e-01 4.003800000000e+01  1 1 1   0.00   0.00   0.00  
H  1.448000000000e+00 9.040000000000e-01 4.003800000000e+01  1 1 1   0.00   0.00   0.00  
C  0.000000000000e+00 0.000000000000e+00 4.133000000000e+01  1 1 1   0.00   0.00   0.00  
F  -7.490000000000e-01 1.111000000000e+00 4.133000000000e+01  1 1 1   0.00   0.00   0.00  
F  -7.490000000000e-01 -1.111000000000e+00 4.133000000000e+01  1 1 1   0.00   0.00   0.00  
C  8.390000000000e-01 0.000000000000e+00 4.262100000000e+01  1 1 1   0.00   0.00   0.00  
F  1.588000000000e+00 -1.111000000000e+00 4.262100000000e+01  1 1 1   0.00   0.00   0.00  
H  1.448000000000e+00 9.040000000000e-01 4.262100000000e+01  1 1 1   0.00   0.00   0.00  
C  0.000000000000e+00 0.000000000000e+00 4.391300000000e+01  1 1 1   0.00   0.00   0.00  
F  -7.490000000000e-01 1.111000000000e+00 4.391300000000e+01  1 1 1   0.00   0.00   0.00  
F  -7.490000000000e-01 -1.111000000000e+00 4.391300000000e+01  1 1 1   0.00   0.00   0.00  
C  8.390000000000e-01 0.000000000000e+00 4.520400000000e+01  1 1 1   0.00   0.00   0.00  
H  1.448000000000e+00 -9.040000000000e-01 4.520400000000e+01  1 1 1   0.00   0.00   0.00  
H  1.448000000000e+00 9.040000000000e-01 4.520400000000e+01  1 1 1   0.00   0.00   0.00  
C  0.000000000000e+00 0.000000000000e+00 4.649600000000e+01  1 1 1   0.00   0.00   0.00  
F  -7.490000000000e-01 1.111000000000e+00 4.649600000000e+01  1 1 1   0.00   0.00   0.00  
F  -7.490000000000e-01 -1.111000000000e+00 4.649600000000e+01  1 1 1   0.00   0.00   0.00  
C  8.390000000000e-01 0.000000000000e+00 4.778700000000e+01  1 1 1   0.00   0.00   0.00  
H  1.448000000000e+00 -9.040000000000e-01 4.778700000000e+01  1 1 1   0.00   0.00   0.00  
H  1.448000000000e+00 9.040000000000e-01 4.778700000000e+01  1 1 1   0.00   0.00   0.00  
C  0.000000000000e+00 0.000000000000e+00 4.907900000000e+01  1 1 1   0.00   0.00   0.00  
F  -7.490000000000e-01 1.111000000000e+00 4.907900000000e+01  1 1 1   0.00   0.00   0.00  
F  -7.490000000000e-01 -1.111000000000e+00 4.907900000000e+01  1 1 1   0.00   0.00   0.00  
C  8.390000000000e-01 0.000000000000e+00 5.037100000000e+01  1 1 1   0.00   0.00   0.00  
H  1.448000000000e+00 -9.040000000000e-01 5.037100000000e+01  1 1 1   0.00   0.00   0.00  
F  1.588000000000e+00 1.111000000000e+00 5.037100000000e+01  1 1 1   0.00   0.00   0.00  
C  0.000000000000e+00 0.000000000000e+00 5.166200000000e+01  1 1 1   0.00   0.00   0.00  
F  -7.490000000000e-01 1.111000000000e+00 5.166200000000e+01  1 1 1   0.00   0.00   0.00  
F  -7.490000000000e-01 -1.111000000000e+00 5.166200000000e+01  1 1 1   0.00   0.00   0.00  
C  8.390000000000e-01 0.000000000000e+00 5.295400000000e+01  1 1 1   0.00   0.00   0.00  
H  1.448000000000e+00 -9.040000000000e-01 5.295400000000e+01  1 1 1   0.00   0.00   0.00  
H  1.448000000000e+00 9.040000000000e-01 5.295400000000e+01  1 1 1   0.00   0.00   0.00  
C  0.000000000000e+00 0.000000000000e+00 5.424500000000e+01  1 1 1   0.00   0.00   0.00  
F  -7.490000000000e-01 1.111000000000e+00 5.424500000000e+01  1 1 1   0.00   0.00   0.00  
F  -7.490000000000e-01 -1.111000000000e+00 5.424500000000e+01  1 1 1   0.00   0.00   0.00  
C  8.390000000000e-01 0.000000000000e+00 5.553700000000e+01  1 1 1   0.00   0.00   0.00  
H  1.448000000000e+00 -9.040000000000e-01 5.553700000000e+01  1 1 1   0.00   0.00   0.00  
H  1.448000000000e+00 9.040000000000e-01 5.553700000000e+01  1 1 1   0.00   0.00   0.00  
C  0.000000000000e+00 0.000000000000e+00 5.682800000000e+01  1 1 1   0.00   0.00   0.00  
F  -7.490000000000e-01 1.111000000000e+00 5.682800000000e+01  1 1 1   0.00   0.00   0.00  
F  -7.490000000000e-01 -1.111000000000e+00 5.682800000000e+01  1 1 1   0.00   0.00   0.00  
C  8.390000000000e-01 0.000000000000e+00 5.812000000000e+01  1 1 1   0.00   0.00   0.00  
F  1.588000000000e+00 -1.111000000000e+00 5.812000000000e+01  1 1 1   0.00   0.00   0.00  
H  1.448000000000e+00 9.040000000000e-01 5.812000000000e+01  1 1 1   0.00   0.00   0.00  
C  0.000000000000e+00 0.000000000000e+00 5.941100000000e+01  1 1 1   0.00   0.00   0.00  
F  -7.490000000000e-01 1.111000000000e+00 5.941100000000e+01  1 1 1   0.00   0.00   0.00  
F  -7.490000000000e-01 -1.111000000000e+00 5.941100000000e+01  1 1 1   0.00   0.00   0.00  
H  8.390000000000e-01 0.000000000000e+00 6.070300000000e+01  1 1 1   0.00   0.00   0.00  
"
