0 -1.0883784000000005
1 -0.86072166
2 -0.6744361599999998
3 -0.97556132
4 -0.9288895699999996
5 -0.6814222100000001
6 -0.6556699499999998
7 -0.30167836000000003
8 -1.0336157400000003
9 -0.51470086
10 -0.545412760000001
11 -0.2743612799999997
12 -0.33547315000000033
13 -0.2956240350000001
14 -0.25833001000000066
15 -0.0754821200000001
16 -0.23753458000000066
17 -0.20935813
18 0.02917741999999987
19 -0.044443500000000136
20 -0.1019989400000001
21 0.1361406599999995
22 0.05553399999999953
23 0.12382129999999997
24 -0.07044233699999955
25 0.16635235
26 0.41816585999999983
27 0.047951106000000576
28 0.25330839699999963
29 0.25537662499999997
30 1.116476008999999
31 0.5226889400000005
32 0.6025464800000002
33 0.8922553540000009
34 0.6800790799999998
35 1.0668746399999995
36 0.6339738700000003
37 0.9454118210000005
38 0.9275040900000008
39 1.289868790000001
