description="init.xyz"  
#******** REAL SPACE GRID ********   
wavefunction_grid="72 80 232"  
potential_grid_refinement="2"  
  
#******* CONTROL OPTIONS *******  
start_mode          ="LCAO Start"  
calculation_mode    ="Relax Structure"
relax_method = "LBFGS"
kohn_sham_solver    ="davidson"  
subdiag_driver      ="auto"  
#auto: if cuda available, use cusolver, otherwise use lapack for n<128 and scaplack for large system  
cube_rho = "True"  
  
#********* K POINT SETUP *********  
kpoint_mesh = "1 1 1"  
kpoint_is_shift = "0 0 0"  
  
#******* Pseudopotentials *******   
internal_pseudo_type = "sg15"  
#use Optimized Norm-Conserving Vanderbilt (ONCV) pseudopotenitals  
#those pseudopotentials are built in with RMG  
write_pseudopotential_plots ="False"  
  
#*****Exchange Correlation ******  
exchange_correlation_type="AUTO_XC"  
#AUTO_XC: XC will be determined from pseudopotential  
  
#****  LATTICE and ATOMS  ****   
bravais_lattice_type="Orthorhombic Primitive"  
crds_units = "Angstrom"  
lattice_units = "Angstrom"  
a_length="     13.23158000"  
b_length="     15.81276400"  
c_length="     46.00000000"  
atomic_coordinate_type = "Absolute"  
atoms="  
C  6.327489000000e+00 8.005637000000e+00 4.836556000000e+00  1 1 1   0.00   0.00   0.00  
C  6.961364000000e+00 9.048856000000e+00 4.111233000000e+00  1 1 1   0.00   0.00   0.00  
C  7.436056000000e+00 8.845832000000e+00 2.810140000000e+00  1 1 1   0.00   0.00   0.00  
C  7.268676000000e+00 7.593324000000e+00 2.239486000000e+00  1 1 1   0.00   0.00   0.00  
C  6.173274000000e+00 6.742899000000e+00 4.216377000000e+00  1 1 1   0.00   0.00   0.00  
C  6.654500000000e+00 6.574853000000e+00 2.923330000000e+00  1 1 1   0.00   0.00   0.00  
C  7.661961000000e+00 7.078236000000e+00 9.036940000000e-01  1 1 1   0.00   0.00   0.00  
N  7.245494000000e+00 5.793726000000e+00 9.065280000000e-01  1 1 1   0.00   0.00   0.00  
C  5.390001000000e+00 1.760857000000e+00 2.139034200000e+01  1 1 1   0.00   0.00   0.00  
H  7.111303000000e+00 1.002773600000e+01 4.558524000000e+00  1 1 1   0.00   0.00   0.00  
H  7.927730000000e+00 9.645016000000e+00 2.260347000000e+00  1 1 1   0.00   0.00   0.00  
H  5.681272000000e+00 5.909397000000e+00 4.710038000000e+00  1 1 1   0.00   0.00   0.00  
O  6.188381000000e+00 4.276047000000e+00 2.260784000000e+00  1 1 1   0.00   0.00   0.00  
C  6.636263000000e+00 5.382186000000e+00 2.039436000000e+00  1 1 1   0.00   0.00   0.00  
O  8.231580000000e+00 7.654613000000e+00 0.000000000000e+00  1 1 1   0.00   0.00   0.00  
C  5.828366000000e+00 8.230420000000e+00 6.244774000000e+00  1 1 1   0.00   0.00   0.00  
C  5.420597000000e+00 9.518486000000e+00 6.679339000000e+00  1 1 1   0.00   0.00   0.00  
C  4.941950000000e+00 9.726377000000e+00 7.981065000000e+00  1 1 1   0.00   0.00   0.00  
C  4.879087000000e+00 8.643819000000e+00 8.840942000000e+00  1 1 1   0.00   0.00   0.00  
C  5.750114000000e+00 7.151547000000e+00 7.157046000000e+00  1 1 1   0.00   0.00   0.00  
C  5.272970000000e+00 7.395593000000e+00 8.439909000000e+00  1 1 1   0.00   0.00   0.00  
C  4.400280000000e+00 8.534199000000e+00 1.024686900000e+01  1 1 1   0.00   0.00   0.00  
N  4.545480000000e+00 7.224880000000e+00 1.058373800000e+01  1 1 1   0.00   0.00   0.00  
O  3.951116000000e+00 9.422391000000e+00 1.094418500000e+01  1 1 1   0.00   0.00   0.00  
H  5.448649000000e+00 1.036904700000e+01 6.002869000000e+00  1 1 1   0.00   0.00   0.00  
H  4.618987000000e+00 1.071566400000e+01 8.302373000000e+00  1 1 1   0.00   0.00   0.00  
H  6.058876000000e+00 6.144425000000e+00 6.890633000000e+00  1 1 1   0.00   0.00   0.00  
O  5.276730000000e+00 5.272846000000e+00 9.600526000000e+00  1 1 1   0.00   0.00   0.00  
C  5.067444000000e+00 6.468458000000e+00 9.578251000000e+00  1 1 1   0.00   0.00   0.00  
C  4.699865000000e+00 2.965906000000e+00 2.128522300000e+01  1 1 1   0.00   0.00   0.00  
O  5.021297000000e+00 3.880766000000e+00 2.029404700000e+01  1 1 1   0.00   0.00   0.00  
H  4.096090000000e+00 1.935685000000e+00 1.866122100000e+01  1 1 1   0.00   0.00   0.00  
C  3.758020000000e+00 5.541229000000e+00 1.726686100000e+01  1 1 1   0.00   0.00   0.00  
C  3.361394000000e+00 4.455404000000e+00 1.648709300000e+01  1 1 1   0.00   0.00   0.00  
C  3.467796000000e+00 3.162412000000e+00 1.700541600000e+01  1 1 1   0.00   0.00   0.00  
C  3.996140000000e+00 2.949457000000e+00 1.828309300000e+01  1 1 1   0.00   0.00   0.00  
C  4.409106000000e+00 4.036504000000e+00 1.905792700000e+01  1 1 1   0.00   0.00   0.00  
C  4.285312000000e+00 5.328872000000e+00 1.854225900000e+01  1 1 1   0.00   0.00   0.00  
C  7.347927000000e+00 5.755296000000e+00 4.401211300000e+01  1 1 1   0.00   0.00   0.00  
H  5.729634000000e+00 0.000000000000e+00 2.257835400000e+01  1 1 1   0.00   0.00   0.00  
H  6.124075000000e+00 1.487323000000e+00 2.063633100000e+01  1 1 1   0.00   0.00   0.00  
H  1.290252000000e+00 6.069928000000e+00 1.362525700000e+01  1 1 1   0.00   0.00   0.00  
C  2.346971000000e+00 6.063078000000e+00 1.337002900000e+01  1 1 1   0.00   0.00   0.00  
C  2.780156000000e+00 6.705047000000e+00 1.220957600000e+01  1 1 1   0.00   0.00   0.00  
H  4.133084000000e+00 6.383840000000e-01 2.434878100000e+01  1 1 1   0.00   0.00   0.00  
C  4.125747000000e+00 6.663363000000e+00 1.184140200000e+01  1 1 1   0.00   0.00   0.00  
O  2.758227000000e+00 4.647863000000e+00 1.525422300000e+01  1 1 1   0.00   0.00   0.00  
C  5.037092000000e+00 5.995413000000e+00 1.266594500000e+01  1 1 1   0.00   0.00   0.00  
H  6.085633000000e+00 5.939891000000e+00 1.238303100000e+01  1 1 1   0.00   0.00   0.00  
C  4.605220000000e+00 5.359963000000e+00 1.383385200000e+01  1 1 1   0.00   0.00   0.00  
H  5.318426000000e+00 4.809630000000e+00 1.444124300000e+01  1 1 1   0.00   0.00   0.00  
C  3.252919000000e+00 5.384303000000e+00 1.418671900000e+01  1 1 1   0.00   0.00   0.00  
H  3.140998000000e+00 2.314706000000e+00 1.640851300000e+01  1 1 1   0.00   0.00   0.00  
H  3.643695000000e+00 6.554179000000e+00 1.688942900000e+01  1 1 1   0.00   0.00   0.00  
C  3.833743000000e+00 3.346643000000e+00 2.230891500000e+01  1 1 1   0.00   0.00   0.00  
C  3.589105000000e+00 2.517869000000e+00 2.341854800000e+01  1 1 1   0.00   0.00   0.00  
H  3.379369000000e+00 4.330657000000e+00 2.224533300000e+01  1 1 1   0.00   0.00   0.00  
C  4.270402000000e+00 1.296700000000e+00 2.349379700000e+01  1 1 1   0.00   0.00   0.00  
H  4.598701000000e+00 6.179779000000e+00 1.914138900000e+01  1 1 1   0.00   0.00   0.00  
C  5.170725000000e+00 9.286420000000e-01 2.248947600000e+01  1 1 1   0.00   0.00   0.00  
H  2.055619000000e+00 7.208621000000e+00 1.157361700000e+01  1 1 1   0.00   0.00   0.00  
C  1.468711000000e+00 5.748672000000e+00 2.799217400000e+01  1 1 1   0.00   0.00   0.00  
C  6.422980000000e-01 6.238640000000e+00 2.694860500000e+01  1 1 1   0.00   0.00   0.00  
C  5.902440000000e-01 5.617608000000e+00 2.570288700000e+01  1 1 1   0.00   0.00   0.00  
C  1.398893000000e+00 4.517566000000e+00 2.549320900000e+01  1 1 1   0.00   0.00   0.00  
C  2.242839000000e+00 4.580296000000e+00 2.775677200000e+01  1 1 1   0.00   0.00   0.00  
C  2.215365000000e+00 4.020443000000e+00 2.647102400000e+01  1 1 1   0.00   0.00   0.00  
C  1.656867000000e+00 3.790776000000e+00 2.423618000000e+01  1 1 1   0.00   0.00   0.00  
N  2.732918000000e+00 2.996443000000e+00 2.448979400000e+01  1 1 1   0.00   0.00   0.00  
C  6.876811000000e+00 6.823271000000e+00 4.324864400000e+01  1 1 1   0.00   0.00   0.00  
H  5.441000000000e-02 7.142838000000e+00 2.708186900000e+01  1 1 1   0.00   0.00   0.00  
H  0.000000000000e+00 6.035570000000e+00 2.489098200000e+01  1 1 1   0.00   0.00   0.00  
H  2.920555000000e+00 4.182214000000e+00 2.850840400000e+01  1 1 1   0.00   0.00   0.00  
O  3.980596000000e+00 2.366194000000e+00 2.633366300000e+01  1 1 1   0.00   0.00   0.00  
C  3.062111000000e+00 2.974278000000e+00 2.582064400000e+01  1 1 1   0.00   0.00   0.00  
O  1.122849000000e+00 3.997519000000e+00 2.316362300000e+01  1 1 1   0.00   0.00   0.00  
H  1.240900000000e-01 9.591369000000e+00 3.509798800000e+01  1 1 1   0.00   0.00   0.00  
C  1.584307000000e+00 6.592826000000e+00 2.924561700000e+01  1 1 1   0.00   0.00   0.00  
C  1.595499000000e+00 8.002032000000e+00 2.908300700000e+01  1 1 1   0.00   0.00   0.00  
C  1.635875000000e+00 8.866922000000e+00 3.017518600000e+01  1 1 1   0.00   0.00   0.00  
C  1.678894000000e+00 8.314073000000e+00 3.144179500000e+01  1 1 1   0.00   0.00   0.00  
C  1.651458000000e+00 6.060439000000e+00 3.056068600000e+01  1 1 1   0.00   0.00   0.00  
C  1.692148000000e+00 6.958674000000e+00 3.163717600000e+01  1 1 1   0.00   0.00   0.00  
C  1.724075000000e+00 8.987630000000e+00 3.275839000000e+01  1 1 1   0.00   0.00   0.00  
N  1.763763000000e+00 7.989802000000e+00 3.368066600000e+01  1 1 1   0.00   0.00   0.00  
O  1.738983000000e+00 1.018468200000e+01 3.296915500000e+01  1 1 1   0.00   0.00   0.00  
H  1.577666000000e+00 8.447261000000e+00 2.809156500000e+01  1 1 1   0.00   0.00   0.00  
H  1.631908000000e+00 9.945287000000e+00 3.003661000000e+01  1 1 1   0.00   0.00   0.00  
H  1.642063000000e+00 4.988851000000e+00 3.074597500000e+01  1 1 1   0.00   0.00   0.00  
O  1.760477000000e+00 5.683097000000e+00 3.370495300000e+01  1 1 1   0.00   0.00   0.00  
C  1.745721000000e+00 6.745233000000e+00 3.311486300000e+01  1 1 1   0.00   0.00   0.00  
C  6.292492000000e+00 7.925311000000e+00 4.387489100000e+01  1 1 1   0.00   0.00   0.00  
O  5.850220000000e+00 9.002269000000e+00 4.313407200000e+01  1 1 1   0.00   0.00   0.00  
H  3.937813000000e+00 7.138199000000e+00 4.279413600000e+01  1 1 1   0.00   0.00   0.00  
C  3.939824000000e+00 9.987182000000e+00 4.016211200000e+01  1 1 1   0.00   0.00   0.00  
C  2.980752000000e+00 8.976001000000e+00 4.009906800000e+01  1 1 1   0.00   0.00   0.00  
C  2.988287000000e+00 7.951964000000e+00 4.104596500000e+01  1 1 1   0.00   0.00   0.00  
C  3.960274000000e+00 7.927262000000e+00 4.204675800000e+01  1 1 1   0.00   0.00   0.00  
C  4.923367000000e+00 8.938669000000e+00 4.210963300000e+01  1 1 1   0.00   0.00   0.00  
C  4.907548000000e+00 9.966593000000e+00 4.116701100000e+01  1 1 1   0.00   0.00   0.00  
H  6.598746000000e+00 6.931593000000e+00 4.711241000000e+01  1 1 1   0.00   0.00   0.00  
H  7.797436000000e+00 4.895164000000e+00 4.352178500000e+01  1 1 1   0.00   0.00   0.00  
H  6.967087000000e+00 6.796141000000e+00 4.216588500000e+01  1 1 1   0.00   0.00   0.00  
H  2.420540000000e-01 1.007222300000e+01 3.751009600000e+01  1 1 1   0.00   0.00   0.00  
C  9.690230000000e-01 9.400305000000e+00 3.705949600000e+01  1 1 1   0.00   0.00   0.00  
C  9.021270000000e-01 9.122221000000e+00 3.569525600000e+01  1 1 1   0.00   0.00   0.00  
C  1.822500000000e+00 8.251178000000e+00 3.509967500000e+01  1 1 1   0.00   0.00   0.00  
O  1.926916000000e+00 9.075201000000e+00 3.921202400000e+01  1 1 1   0.00   0.00   0.00  
C  2.822162000000e+00 7.682336000000e+00 3.589738400000e+01  1 1 1   0.00   0.00   0.00  
H  3.555722000000e+00 7.013794000000e+00 3.545378100000e+01  1 1 1   0.00   0.00   0.00  
C  2.890062000000e+00 7.961651000000e+00 3.726593600000e+01  1 1 1   0.00   0.00   0.00  
H  3.662189000000e+00 7.494642000000e+00 3.787147900000e+01  1 1 1   0.00   0.00   0.00  
C  1.957970000000e+00 8.821334000000e+00 3.785185200000e+01  1 1 1   0.00   0.00   0.00  
H  2.215877000000e+00 7.187498000000e+00 4.102450400000e+01  1 1 1   0.00   0.00   0.00  
H  3.910063000000e+00 1.081276400000e+01 3.945679100000e+01  1 1 1   0.00   0.00   0.00  
C  6.201066000000e+00 7.966950000000e+00 4.526662100000e+01  1 1 1   0.00   0.00   0.00  
C  6.673947000000e+00 6.898596000000e+00 4.602840600000e+01  1 1 1   0.00   0.00   0.00  
H  5.761924000000e+00 8.831577000000e+00 4.575842700000e+01  1 1 1   0.00   0.00   0.00  
C  7.245494000000e+00 5.793726000000e+00 4.540119000000e+01  1 1 1   0.00   0.00   0.00  
H  5.635850000000e+00 1.077094300000e+01 4.123253400000e+01  1 1 1   0.00   0.00   0.00  
"  
