description="input.xyz"  
#******** REAL SPACE GRID ********   
wavefunction_grid="48 96 160"  
potential_grid_refinement="2"  
  
#******* CONTROL OPTIONS *******  
start_mode          ="LCAO Start"  
calculation_mode    ="Relax Structure  "  
kohn_sham_solver    ="davidson"  
subdiag_driver      ="auto"  
#auto: if cuda available, use cusolver, otherwise use lapack for n<128 and scaplack for large system  
cube_rho = "True"  
  
charge_density_mixing = "0.10000000"

#********* K POINT SETUP *********  
kpoint_mesh = "1 1 1"  
kpoint_is_shift = "0 0 0"  
  
#******* Pseudopotentials *******   
internal_pseudo_type = "sg15"  
#use Optimized Norm-Conserving Vanderbilt (ONCV) pseudopotenitals  
#those pseudopotentials are built in with RMG  
write_pseudopotential_plots ="False"  
  
#*****Exchange Correlation ******  
exchange_correlation_type="AUTO_XC"  
#AUTO_XC: XC will be determined from pseudopotential  
  
#****  LATTICE and ATOMS  ****   
bravais_lattice_type="None"  
crds_units = "Angstrom"  
lattice_units = "Angstrom"  
lattice_vector="  
 8.321999549900e+00  0.000000000000e+00  0.000000000000e+00   
 0.000000000000e+00  1.636800003060e+01  0.000000000000e+00   
 0.000000000000e+00  0.000000000000e+00  2.765999984740e+01   
"  
atomic_coordinate_type = "Absolute"  
atoms="  
H  8.055498  0.928876  23.154053       1 1 1   0.00   0.00   0.00 
C  8.133052  1.697683  22.415521       1 1 1   0.00   0.00   0.00 
C  8.167867  2.856273  23.323167       1 1 1   0.00   0.00   0.00 
F  7.072978  2.744400  24.165333       1 1 1   0.00   0.00   0.00 
F  9.289859  2.734478  24.129958       1 1 1   0.00   0.00   0.00 
H  7.246260  1.696945  21.776355       1 1 1   0.00   0.00   0.00 
H  9.048285  1.602296  21.825350       1 1 1   0.00   0.00   0.00 
C  8.148902  4.137759  22.558372       1 1 1   0.00   0.00   0.00 
C  8.173013  5.346723  23.429729       1 1 1   0.00   0.00   0.00 
F  7.097933  5.307073  24.294877       1 1 1   0.00   0.00   0.00 
F  9.313758  5.310551  24.202589       1 1 1   0.00   0.00   0.00 
H  9.015951  4.151217  21.887850       1 1 1   0.00   0.00   0.00 
C  8.139565  6.596851  22.585474       1 1 1   0.00   0.00   0.00 
C  8.166683  7.842017  23.422600       1 1 1   0.00   0.00   0.00 
F  7.093491  7.838389  24.290184       1 1 1   0.00   0.00   0.00 
F  9.310920  7.838313  24.191707       1 1 1   0.00   0.00   0.00 
H  7.232540  6.590243  21.970657       1 1 1   0.00   0.00   0.00 
H  9.005267  6.595545  21.912562       1 1 1   0.00   0.00   0.00 
C  8.136061  9.088567  22.578579       1 1 1   0.00   0.00   0.00 
C  8.169182  10.334108  23.424706      1 1 1   0.00   0.00   0.00 
F  7.099884  10.353940  24.298079      1 1 1   0.00   0.00   0.00 
F  9.316439  10.352274  24.187096      1 1 1   0.00   0.00   0.00 
H  7.231234  9.090730  21.959716       1 1 1   0.00   0.00   0.00 
H  9.003018  9.089274  21.905263       1 1 1   0.00   0.00   0.00 
C  8.136394  11.574044  22.590425      1 1 1   0.00   0.00   0.00 
C  8.169867  12.817875  23.436790      1 1 1   0.00   0.00   0.00 
F  7.090598  12.882033  24.296369      1 1 1   0.00   0.00   0.00 
F  9.305073  12.859461  24.220913      1 1 1   0.00   0.00   0.00 
H  9.001024  11.583587  21.916321      1 1 1   0.00   0.00   0.00 
C  8.155607  14.012166  22.559427      1 1 1   0.00   0.00   0.00 
C  8.184383  15.294391  23.295620      1 1 1   0.00   0.00   0.00 
F  7.083057  15.510905  24.095724      1 1 1   0.00   0.00   0.00 
F  9.291487  15.493872  24.088459      1 1 1   0.00   0.00   0.00 
H  7.253708  14.013999  21.933380      1 1 1   0.00   0.00   0.00 
H  9.022581  13.997212  21.888313      1 1 1   0.00   0.00   0.00 
H  8.193627  16.032519  22.508739      1 1 1   0.00   0.00   0.00 
Pb  4.227516  8.113533  18.080867      0 0 0   0.00   0.00   0.00 
Pb  0.064195  8.113622  3.750000       0 0 0   0.00   0.00   0.00 
Pb  4.091879  4.021845  3.750000       0 0 0   0.00   0.00   0.00 
Pb  8.255194  4.021831  18.080748      0 0 0   0.00   0.00   0.00 
N  3.530731  3.498647  15.374124       0 0 0   0.00   0.00   0.00 
N  7.691644  3.498567  6.455852        0 0 0   0.00   0.00   0.00 
N  4.791233  7.590331  6.455993        0 0 0   0.00   0.00   0.00 
N  0.630091  7.590562  15.374347       0 0 0   0.00   0.00   0.00 
H  3.667317  2.486793  15.127442       0 0 0   0.00   0.00   0.00 
H  7.828162  2.486689  6.702699        0 0 0   0.00   0.00   0.00 
H  4.654555  6.578503  6.702650        0 0 0   0.00   0.00   0.00 
H  0.493564  6.578550  15.127841       0 0 0   0.00   0.00   0.00 
H  3.649291  3.573385  16.394661       0 0 0   0.00   0.00   0.00 
H  7.810182  3.573281  5.435285        0 0 0   0.00   0.00   0.00 
H  4.672841  7.665003  5.435410        0 0 0   0.00   0.00   0.00 
H  0.511556  7.665477  16.394857       0 0 0   0.00   0.00   0.00 
H  2.530987  3.749220  15.167710       0 0 0   0.00   0.00   0.00 
H  6.691959  3.749192  6.662298        0 0 0   0.00   0.00   0.00 
H  5.790716  7.841282  6.662747        0 0 0   0.00   0.00   0.00 
H  1.629627  7.841402  15.167780       0 0 0   0.00   0.00   0.00 
H  4.307455  5.418843  15.038082       0 0 0   0.00   0.00   0.00 
H  0.146775  5.418603  6.791616        0 0 0   0.00   0.00   0.00 
H  4.014193  1.326504  6.791478        0 0 0   0.00   0.00   0.00 
H  8.175303  1.326679  15.038041       0 0 0   0.00   0.00   0.00 
H  5.504701  4.098939  14.976554       0 0 0   0.00   0.00   0.00 
H  1.343731  4.098591  6.853820        0 0 0   0.00   0.00   0.00 
H  2.817147  0.006533  6.853670        0 0 0   0.00   0.00   0.00 
H  6.978038  0.006978  14.976741       0 0 0   0.00   0.00   0.00 
H  3.259822  4.580328  12.926588       0 0 0   0.00   0.00   0.00 
H  7.420523  4.582095  8.902877        0 0 0   0.00   0.00   0.00 
H  5.062085  0.490251  8.902905        0 0 0   0.00   0.00   0.00 
H  0.900713  0.488287  12.926676       0 0 0   0.00   0.00   0.00 
H  4.422346  3.252166  12.852862       0 0 0   0.00   0.00   0.00 
H  0.259486  3.252407  8.977270        0 0 0   0.00   0.00   0.00 
H  3.901131  7.344060  8.977239        0 0 0   0.00   0.00   0.00 
H  8.060223  7.343735  12.853022       0 0 0   0.00   0.00   0.00 
H  5.101747  6.237393  12.713916       0 0 0   0.00   0.00   0.00 
H  0.942467  6.236992  9.116533        0 0 0   0.00   0.00   0.00 
H  3.217734  2.144744  9.115785        0 0 0   0.00   0.00   0.00 
H  7.379082  2.145159  12.715086       0 0 0   0.00   0.00   0.00 
H  6.291239  4.939474  12.670153       0 0 0   0.00   0.00   0.00 
H  2.130667  4.935706  9.160269        0 0 0   0.00   0.00   0.00 
H  2.029723  0.844771  9.160380        0 0 0   0.00   0.00   0.00 
H  6.191396  0.845157  12.669081       0 0 0   0.00   0.00   0.00 
H  5.648333  5.815650  10.344467       0 0 0   0.00   0.00   0.00 
H  1.489202  5.812648  11.486221       0 0 0   0.00   0.00   0.00 
H  2.673984  1.722092  11.485494       0 0 0   0.00   0.00   0.00 
H  6.836268  1.723549  10.344450       0 0 0   0.00   0.00   0.00 
H  5.364455  4.078320  10.528780       0 0 0   0.00   0.00   0.00 
H  1.202095  4.075828  11.300161       0 0 0   0.00   0.00   0.00 
H  2.957991  8.169954  11.301717       0 0 0   0.00   0.00   0.00 
H  7.115703  8.171523  10.528136       0 0 0   0.00   0.00   0.00 
H  4.012148  5.210325  10.609085       0 0 0   0.00   0.00   0.00 
H  8.171827  5.209091  11.220439       0 0 0   0.00   0.00   0.00 
H  4.312937  1.114629  11.218024       0 0 0   0.00   0.00   0.00 
H  0.152554  1.109768  10.612370       0 0 0   0.00   0.00   0.00 
C  4.488495  4.394289  14.673743       0 0 0   0.00   0.00   0.00 
C  0.327365  4.394203  7.156264        0 0 0   0.00   0.00   0.00 
C  3.833500  0.302104  7.156192        0 0 0   0.00   0.00   0.00 
C  7.994321  0.302141  14.673842       0 0 0   0.00   0.00   0.00 
C  4.295577  4.298519  13.173241       0 0 0   0.00   0.00   0.00 
C  0.134017  4.298820  8.656631        0 0 0   0.00   0.00   0.00 
C  4.026668  0.206744  8.656543        0 0 0   0.00   0.00   0.00 
C  8.187001  0.206169  13.173437       0 0 0   0.00   0.00   0.00 
C  5.256747  5.195538  12.398233       0 0 0   0.00   0.00   0.00 
C  1.096350  5.194468  9.431844        0 0 0   0.00   0.00   0.00 
C  3.064539  1.102602  9.431764        0 0 0   0.00   0.00   0.00 
C  7.225811  1.103044  12.398258       0 0 0   0.00   0.00   0.00 
C  5.061786  5.068633  10.891867       0 0 0   0.00   0.00   0.00 
C  0.901075  5.067076  10.938192       0 0 0   0.00   0.00   0.00 
C  3.260995  0.975901  10.937811       0 0 0   0.00   0.00   0.00 
C  7.421746  0.976552  10.892086       0 0 0   0.00   0.00   0.00 
Br  2.552901  5.714901  17.831180      0 0 0   0.00   0.00   0.00 
Br  5.822158  2.476286  17.640499      0 0 0   0.00   0.00   0.00 
Br  1.661113  2.476252  4.189643       0 0 0   0.00   0.00   0.00 
Br  6.714129  5.714844  4.000000       0 0 0   0.00   0.00   0.00 
Br  5.769315  1.622904  4.000000       0 0 0   0.00   0.00   0.00 
Br  2.499848  6.568255  4.189326       0 0 0   0.00   0.00   0.00 
Br  6.660838  6.568232  17.640540      0 0 0   0.00   0.00   0.00 
Br  1.608109  1.622905  17.831211      0 0 0   0.00   0.00   0.00 
Br  3.906093  0.140399  14.927961      0 0 0   0.00   0.00   0.00 
Br  4.312483  8.155496  20.697688      0 0 0   0.00   0.00   0.00 
Br  0.151249  8.155660  0.140000       0 0 0   0.00   0.00   0.00 
Br  8.067162  0.140306  6.902086       0 0 0   0.00   0.00   0.00 
Br  4.415811  4.232327  6.902114       0 0 0   0.00   0.00   0.00 
Br  4.009261  4.063474  0.140000       0 0 0   0.00   0.00   0.00 
Br  8.170491  4.063709  20.697594      0 0 0   0.00   0.00   0.00 
Br  0.254810  4.232387  14.927905      0 0 0   0.00   0.00   0.00 
Pb  4.227516  16.297533  18.080867     0 0 0   0.00   0.00   0.00 
Pb  0.064195  16.297622  3.750000      0 0 0   0.00   0.00   0.00 
Pb  4.091879  12.205846  3.750000      0 0 0   0.00   0.00   0.00 
Pb  8.255194  12.205831  18.080748     0 0 0   0.00   0.00   0.00 
N  3.530731  11.682647  15.374124      0 0 0   0.00   0.00   0.00 
N  7.691644  11.682567  6.455852       0 0 0   0.00   0.00   0.00 
N  4.791233  15.774331  6.455993       0 0 0   0.00   0.00   0.00 
N  0.630091  15.774562  15.374347      0 0 0   0.00   0.00   0.00 
H  3.667317  10.670793  15.127442      0 0 0   0.00   0.00   0.00 
H  7.828162  10.670689  6.702699       0 0 0   0.00   0.00   0.00 
H  4.654555  14.762503  6.702650       0 0 0   0.00   0.00   0.00 
H  0.493564  14.762550  15.127841      0 0 0   0.00   0.00   0.00 
H  3.649291  11.757385  16.394661      0 0 0   0.00   0.00   0.00 
H  7.810182  11.757281  5.435285       0 0 0   0.00   0.00   0.00 
H  4.672841  15.849003  5.435410       0 0 0   0.00   0.00   0.00 
H  0.511556  15.849477  16.394857      0 0 0   0.00   0.00   0.00 
H  2.530987  11.933220  15.167710      0 0 0   0.00   0.00   0.00 
H  6.691959  11.933192  6.662298       0 0 0   0.00   0.00   0.00 
H  5.790716  16.025282  6.662747       0 0 0   0.00   0.00   0.00 
H  1.629627  16.025402  15.167780      0 0 0   0.00   0.00   0.00 
H  4.307455  13.602843  15.038082      0 0 0   0.00   0.00   0.00 
H  0.146775  13.602603  6.791616       0 0 0   0.00   0.00   0.00 
H  4.014193  9.510504  6.791478        0 0 0   0.00   0.00   0.00 
H  8.175303  9.510679  15.038041       0 0 0   0.00   0.00   0.00 
H  5.504701  12.282939  14.976554      0 0 0   0.00   0.00   0.00 
H  1.343731  12.282591  6.853820       0 0 0   0.00   0.00   0.00 
H  2.817147  8.190533  6.853670        0 0 0   0.00   0.00   0.00 
H  6.978038  8.190978  14.976741       0 0 0   0.00   0.00   0.00 
H  3.259822  12.764328  12.926588      0 0 0   0.00   0.00   0.00 
H  7.420523  12.766095  8.902877       0 0 0   0.00   0.00   0.00 
H  5.062085  8.674251  8.902905        0 0 0   0.00   0.00   0.00 
H  0.900713  8.672287  12.926676       0 0 0   0.00   0.00   0.00 
H  4.422346  11.436166  12.852862      0 0 0   0.00   0.00   0.00 
H  0.259486  11.436407  8.977270       0 0 0   0.00   0.00   0.00 
H  3.901131  15.528060  8.977239       0 0 0   0.00   0.00   0.00 
H  8.060223  15.527735  12.853022      0 0 0   0.00   0.00   0.00 
H  5.101747  14.421393  12.713916      0 0 0   0.00   0.00   0.00 
H  0.942467  14.420992  9.116533       0 0 0   0.00   0.00   0.00 
H  3.217734  10.328744  9.115785       0 0 0   0.00   0.00   0.00 
H  7.379082  10.329159  12.715086      0 0 0   0.00   0.00   0.00 
H  6.291239  13.123474  12.670153      0 0 0   0.00   0.00   0.00 
H  2.130667  13.119706  9.160269       0 0 0   0.00   0.00   0.00 
H  2.029723  9.028771  9.160380        0 0 0   0.00   0.00   0.00 
H  6.191396  9.029157  12.669081       0 0 0   0.00   0.00   0.00 
H  5.648333  13.999650  10.344467      0 0 0   0.00   0.00   0.00 
H  1.489202  13.996648  11.486221      0 0 0   0.00   0.00   0.00 
H  2.673984  9.906092  11.485494       0 0 0   0.00   0.00   0.00 
H  6.836268  9.907549  10.344450       0 0 0   0.00   0.00   0.00 
H  5.364455  12.262320  10.528780      0 0 0   0.00   0.00   0.00 
H  1.202095  12.259828  11.300161      0 0 0   0.00   0.00   0.00 
H  2.957991  16.353954  11.301717      0 0 0   0.00   0.00   0.00 
H  7.115703  16.355523  10.528136      0 0 0   0.00   0.00   0.00 
H  4.012148  13.394325  10.609085      0 0 0   0.00   0.00   0.00 
H  8.171827  13.393091  11.220439      0 0 0   0.00   0.00   0.00 
H  4.312937  9.298629  11.218024       0 0 0   0.00   0.00   0.00 
H  0.152554  9.293768  10.612370       0 0 0   0.00   0.00   0.00 
C  4.488495  12.578289  14.673743      0 0 0   0.00   0.00   0.00 
C  0.327365  12.578203  7.156264       0 0 0   0.00   0.00   0.00 
C  3.833500  8.486104  7.156192        0 0 0   0.00   0.00   0.00 
C  7.994321  8.486141  14.673842       0 0 0   0.00   0.00   0.00 
C  4.295577  12.482519  13.173241      0 0 0   0.00   0.00   0.00 
C  0.134017  12.482820  8.656631       0 0 0   0.00   0.00   0.00 
C  4.026668  8.390744  8.656543        0 0 0   0.00   0.00   0.00 
C  8.187001  8.390169  13.173437       0 0 0   0.00   0.00   0.00 
C  5.256747  13.379538  12.398233      0 0 0   0.00   0.00   0.00 
C  1.096350  13.378469  9.431844       0 0 0   0.00   0.00   0.00 
C  3.064539  9.286602  9.431764        0 0 0   0.00   0.00   0.00 
C  7.225811  9.287044  12.398258       0 0 0   0.00   0.00   0.00 
C  5.061786  13.252633  10.891867      0 0 0   0.00   0.00   0.00 
C  0.901075  13.251076  10.938192      0 0 0   0.00   0.00   0.00 
C  3.260995  9.159901  10.937811       0 0 0   0.00   0.00   0.00 
C  7.421746  9.160552  10.892086       0 0 0   0.00   0.00   0.00 
Br  2.552901  13.898901  17.831180     0 0 0   0.00   0.00   0.00 
Br  5.822158  10.660286  17.640499     0 0 0   0.00   0.00   0.00 
Br  1.661113  10.660252  4.189643      0 0 0   0.00   0.00   0.00 
Br  6.714129  13.898844  4.000000      0 0 0   0.00   0.00   0.00 
Br  5.769315  9.806904  4.000000       0 0 0   0.00   0.00   0.00 
Br  2.499848  14.752255  4.189326      0 0 0   0.00   0.00   0.00 
Br  6.660838  14.752232  17.640540     0 0 0   0.00   0.00   0.00 
Br  1.608109  9.806905  17.831211      0 0 0   0.00   0.00   0.00 
Br  3.906093  8.324399  14.927961      0 0 0   0.00   0.00   0.00 
Br  4.312483  16.339496  20.697688     0 0 0   0.00   0.00   0.00 
Br  0.151249  16.339661  0.140000      0 0 0   0.00   0.00   0.00 
Br  8.067162  8.324306  6.902086       0 0 0   0.00   0.00   0.00 
Br  4.415811  12.416327  6.902114      0 0 0   0.00   0.00   0.00 
Br  4.009261  12.247474  0.140000      0 0 0   0.00   0.00   0.00 
Br  8.170491  12.247709  20.697594     0 0 0   0.00   0.00   0.00 
Br  0.254810  12.416387  14.927905     0 0 0   0.00   0.00   0.00 
"                                   
