description="final.xyz"  
#******** REAL SPACE GRID ********   
wavefunction_grid="56 56 256"  
potential_grid_refinement="2"  
  
#******* CONTROL OPTIONS *******  
start_mode          ="LCAO Start"  
calculation_mode    ="Relax Structure  "  
kohn_sham_solver    ="multigrid"  
subdiag_driver      ="auto"  
#auto: if cuda available, use cusolver, otherwise use lapack for n<128 and scaplack for large system  
cube_rho = "False"  
  
#********* K POINT SETUP *********  
kpoint_mesh = "1 1 1"  
kpoint_is_shift = "0 0 0"  
  
#******* Pseudopotentials *******   
internal_pseudo_type = "sg15"  
#use Optimized Norm-Conserving Vanderbilt (ONCV) pseudopotenitals  
#those pseudopotentials are built in with RMG  
write_pseudopotential_plots ="False"  
  
#*****Exchange Correlation ******  
exchange_correlation_type="AUTO_XC"  
#AUTO_XC: XC will be determined from pseudopotential  
  
#****  LATTICE and ATOMS  ****   
bravais_lattice_type="None"  
crds_units = "Angstrom"  
lattice_units = "Angstrom"  
lattice_vector="  
 8.261093000000e+00  0.000000000000e+00  0.000000000000e+00   
 0.000000000000e+00  8.665935000000e+00  0.000000000000e+00   
 0.000000000000e+00  0.000000000000e+00  4.049259900000e+01   
"  
atomic_coordinate_type = "Absolute"  
atoms="  
H  4.122245000000e+00 -4.391710000000e-01 2.081780000000e+00  1 1 1   0.00   0.00   0.00  
C  4.384662000000e+00 -1.095150000000e+00 2.913268000000e+00  1 1 1   0.00   0.00   0.00  
C  4.675765000000e+00 -2.503140000000e+00 2.662936000000e+00  1 1 1   0.00   0.00   0.00  
H  5.811529000000e+00 -1.055484000000e+00 8.652664000000e+00  1 1 1   0.00   0.00   0.00  
H  4.198569000000e+00 4.784830000000e-01 4.372828000000e+00  1 1 1   0.00   0.00   0.00  
H  6.219063000000e+00 9.572540000000e-01 7.455720000000e+00  1 1 1   0.00   0.00   0.00  
C  4.424386000000e+00 -5.748010000000e-01 4.215551000000e+00  1 1 1   0.00   0.00   0.00  
C  5.082774000000e+00 -3.334569000000e+00 3.792408000000e+00  1 1 1   0.00   0.00   0.00  
H  5.346802000000e+00 -4.381194000000e+00 3.619465000000e+00  1 1 1   0.00   0.00   0.00  
C  4.798615000000e+00 -1.412988000000e+00 5.351516000000e+00  1 1 1   0.00   0.00   0.00  
C  5.581249000000e+00 -1.636106000000e+00 7.732867000000e+00  1 1 1   0.00   0.00   0.00  
C  5.126159000000e+00 -2.807613000000e+00 5.090286000000e+00  1 1 1   0.00   0.00   0.00  
H  4.927755000000e+00 -2.488315000000e+00 8.022022000000e+00  1 1 1   0.00   0.00   0.00  
C  5.930639000000e+00 5.140090000000e-01 6.479267000000e+00  1 1 1   0.00   0.00   0.00  
H  6.540909000000e+00 -2.048010000000e+00 7.355087000000e+00  1 1 1   0.00   0.00   0.00  
H  5.424471000000e+00 -3.454196000000e+00 5.916341000000e+00  1 1 1   0.00   0.00   0.00  
C  4.907198000000e+00 -7.166590000000e-01 6.660536000000e+00  1 1 1   0.00   0.00   0.00  
H  6.871711000000e+00 1.863880000000e-01 5.990011000000e+00  1 1 1   0.00   0.00   0.00  
H  5.483729000000e+00 1.313918000000e+00 5.855232000000e+00  1 1 1   0.00   0.00   0.00  
C  3.565610000000e+00 -1.912520000000e-01 7.207721000000e+00  1 1 1   0.00   0.00   0.00  
H  2.355195000000e+00 -1.955969000000e+00 6.667407000000e+00  1 1 1   0.00   0.00   0.00  
H  4.290828000000e+00 1.797287000000e+00 7.857692000000e+00  1 1 1   0.00   0.00   0.00  
C  2.338485000000e+00 -9.802930000000e-01 7.157227000000e+00  1 1 1   0.00   0.00   0.00  
C  3.431886000000e+00 1.126367000000e+00 7.824995000000e+00  1 1 1   0.00   0.00   0.00  
C  1.135844000000e+00 -5.444330000000e-01 7.726001000000e+00  1 1 1   0.00   0.00   0.00  
C  2.238749000000e+00 1.586501000000e+00 8.393857000000e+00  1 1 1   0.00   0.00   0.00  
H  2.594690000000e-01 -1.189528000000e+00 7.663004000000e+00  1 1 1   0.00   0.00   0.00  
H  2.207410000000e+00 2.589007000000e+00 8.822807000000e+00  1 1 1   0.00   0.00   0.00  
C  1.067601000000e+00 7.213200000000e-01 8.449261000000e+00  1 1 1   0.00   0.00   0.00  
O  -3.815000000000e-03 9.820890000000e-01 9.200927000000e+00  1 1 1   0.00   0.00   0.00  
H  2.208114000000e+00 1.548503000000e+00 1.079692800000e+01  1 1 1   0.00   0.00   0.00  
C  7.474300000000e-02 1.802847000000e+00 1.028106500000e+01  1 1 1   0.00   0.00   0.00  
C  1.277774000000e+00 2.064172000000e+00 1.105215500000e+01  1 1 1   0.00   0.00   0.00  
H  -2.083447000000e+00 2.189415000000e+00 1.016587500000e+01  1 1 1   0.00   0.00   0.00  
C  -1.152813000000e+00 2.405349000000e+00 1.069946700000e+01  1 1 1   0.00   0.00   0.00  
C  1.307240000000e+00 2.960982000000e+00 1.213616100000e+01  1 1 1   0.00   0.00   0.00  
H  2.241332000000e+00 3.127375000000e+00 1.268447400000e+01  1 1 1   0.00   0.00   0.00  
C  -1.171603000000e+00 3.314449000000e+00 1.180438600000e+01  1 1 1   0.00   0.00   0.00  
C  1.082910000000e-01 3.659815000000e+00 1.252723700000e+01  1 1 1   0.00   0.00   0.00  
C  -2.340889000000e+00 4.069364000000e+00 1.246297800000e+01  1 1 1   0.00   0.00   0.00  
O  -3.474514000000e+00 3.993678000000e+00 1.210973000000e+01  1 1 1   0.00   0.00   0.00  
C  -1.889040000000e-01 4.710596000000e+00 1.359656600000e+01  1 1 1   0.00   0.00   0.00  
N  -1.743270000000e+00 4.936305000000e+00 1.360961900000e+01  1 1 1   0.00   0.00   0.00  
O  6.394710000000e-01 5.287381000000e+00 1.422561400000e+01  1 1 1   0.00   0.00   0.00  
H  -4.472301000000e+00 4.779570000000e+00 1.417097200000e+01  1 1 1   0.00   0.00   0.00  
C  -2.536315000000e+00 5.693791000000e+00 1.463948100000e+01  1 1 1   0.00   0.00   0.00  
C  -3.946202000000e+00 5.517781000000e+00 1.478259500000e+01  1 1 1   0.00   0.00   0.00  
H  -8.665330000000e-01 6.810497000000e+00 1.544050000000e+01  1 1 1   0.00   0.00   0.00  
C  -1.948109000000e+00 6.659286000000e+00 1.551764300000e+01  1 1 1   0.00   0.00   0.00  
C  -4.714494000000e+00 6.280712000000e+00 1.571122200000e+01  1 1 1   0.00   0.00   0.00  
H  -5.793945000000e+00 6.127871000000e+00 1.579243400000e+01  1 1 1   0.00   0.00   0.00  
C  -2.659749000000e+00 7.473863000000e+00 1.646005200000e+01  1 1 1   0.00   0.00   0.00  
C  -4.073908000000e+00 7.257710000000e+00 1.652307300000e+01  1 1 1   0.00   0.00   0.00  
O  -3.807400000000e+00 8.920361000000e+00 1.901537400000e+01  1 1 1   0.00   0.00   0.00  
N  -2.018563000000e+00 8.504217000000e+00 1.733533900000e+01  1 1 1   0.00   0.00   0.00  
H  -4.689172000000e+00 7.855447000000e+00 1.720254100000e+01  1 1 1   0.00   0.00   0.00  
C  -2.709270000000e+00 9.118265000000e+00 1.860343500000e+01  1 1 1   0.00   0.00   0.00  
O  4.119170000000e-01 8.334926000000e+00 1.682694500000e+01  1 1 1   0.00   0.00   0.00  
C  -4.786960000000e-01 8.761972000000e+00 1.748960500000e+01  1 1 1   0.00   0.00   0.00  
C  -1.634130000000e+00 9.884513000000e+00 1.937530700000e+01  1 1 1   0.00   0.00   0.00  
C  -2.881390000000e-01 9.639332000000e+00 1.872910300000e+01  1 1 1   0.00   0.00   0.00  
H  -2.663253000000e+00 1.091622700000e+01 2.103272800000e+01  1 1 1   0.00   0.00   0.00  
C  -1.704502000000e+00 1.071807200000e+01 2.054663100000e+01  1 1 1   0.00   0.00   0.00  
C  8.937430000000e-01 1.021182000000e+01 1.931225100000e+01  1 1 1   0.00   0.00   0.00  
H  1.867590000000e+00 1.001535100000e+01 1.885624100000e+01  1 1 1   0.00   0.00   0.00  
C  -5.020650000000e-01 1.127254600000e+01 2.106376000000e+01  1 1 1   0.00   0.00   0.00  
C  7.871380000000e-01 1.104008200000e+01 2.046389600000e+01  1 1 1   0.00   0.00   0.00  
H  -5.674460000000e-01 1.189413600000e+01 2.195754400000e+01  1 1 1   0.00   0.00   0.00  
H  2.415421000000e+00 9.104364000000e+00 2.084552800000e+01  1 1 1   0.00   0.00   0.00  
O  1.849258000000e+00 1.177583100000e+01 2.098044700000e+01  1 1 1   0.00   0.00   0.00  
C  2.956435000000e+00 9.688214000000e+00 2.158950200000e+01  1 1 1   0.00   0.00   0.00  
C  2.803303000000e+00 1.113543100000e+01 2.162518900000e+01  1 1 1   0.00   0.00   0.00  
H  3.841587000000e+00 7.930176000000e+00 2.244088600000e+01  1 1 1   0.00   0.00   0.00  
H  4.909120000000e+00 6.908171000000e+00 2.384061200000e+01  1 1 1   0.00   0.00   0.00  
H  7.591436000000e+00 9.243654000000e+00 2.506486400000e+01  1 1 1   0.00   0.00   0.00  
C  3.782591000000e+00 9.017643000000e+00 2.250529400000e+01  1 1 1   0.00   0.00   0.00  
C  3.629196000000e+00 1.187335500000e+01 2.257384400000e+01  1 1 1   0.00   0.00   0.00  
H  3.582491000000e+00 1.296679500000e+01 2.258952900000e+01  1 1 1   0.00   0.00   0.00  
C  5.809714000000e+00 7.553374000000e+00 2.389262400000e+01  1 1 1   0.00   0.00   0.00  
C  4.552840000000e+00 9.742466000000e+00 2.350789400000e+01  1 1 1   0.00   0.00   0.00  
C  6.845679000000e+00 9.793075000000e+00 2.445891900000e+01  1 1 1   0.00   0.00   0.00  
H  6.276260000000e+00 7.615923000000e+00 2.289204100000e+01  1 1 1   0.00   0.00   0.00  
C  4.445628000000e+00 1.119685100000e+01 2.349321100000e+01  1 1 1   0.00   0.00   0.00  
H  7.236324000000e+00 9.900571000000e+00 2.342349900000e+01  1 1 1   0.00   0.00   0.00  
H  6.527456000000e+00 7.037636000000e+00 2.455773500000e+01  1 1 1   0.00   0.00   0.00  
H  6.773406000000e+00 1.080648100000e+01 2.490242800000e+01  1 1 1   0.00   0.00   0.00  
C  5.463304000000e+00 9.035900000000e+00 2.444663500000e+01  1 1 1   0.00   0.00   0.00  
H  5.021963000000e+00 1.178705700000e+01 2.420672400000e+01  1 1 1   0.00   0.00   0.00  
C  4.936122000000e+00 8.877609000000e+00 2.587984200000e+01  1 1 1   0.00   0.00   0.00  
H  6.314582000000e+00 7.259399000000e+00 2.650210000000e+01  1 1 1   0.00   0.00   0.00  
H  3.426432000000e+00 1.047734500000e+01 2.572167600000e+01  1 1 1   0.00   0.00   0.00  
C  5.475942000000e+00 7.883109000000e+00 2.681226100000e+01  1 1 1   0.00   0.00   0.00  
C  3.844114000000e+00 9.710762000000e+00 2.637673600000e+01  1 1 1   0.00   0.00   0.00  
C  4.949638000000e+00 7.666364000000e+00 2.808561600000e+01  1 1 1   0.00   0.00   0.00  
C  3.318534000000e+00 9.537757000000e+00 2.765971000000e+01  1 1 1   0.00   0.00   0.00  
H  5.363098000000e+00 6.878895000000e+00 2.871613000000e+01  1 1 1   0.00   0.00   0.00  
H  2.494936000000e+00 1.016275100000e+01 2.800561800000e+01  1 1 1   0.00   0.00   0.00  
C  3.824343000000e+00 8.479092000000e+00 2.853229300000e+01  1 1 1   0.00   0.00   0.00  
O  3.039204000000e+00 8.199334000000e+00 2.956593300000e+01  1 1 1   0.00   0.00   0.00  
H  5.466845000000e+00 7.359307000000e+00 3.068729300000e+01  1 1 1   0.00   0.00   0.00  
C  3.284405000000e+00 7.168231000000e+00 3.042436800000e+01  1 1 1   0.00   0.00   0.00  
C  4.563621000000e+00 6.837508000000e+00 3.100986000000e+01  1 1 1   0.00   0.00   0.00  
H  1.112476000000e+00 6.802846000000e+00 3.043717200000e+01  1 1 1   0.00   0.00   0.00  
C  2.079932000000e+00 6.521443000000e+00 3.086274600000e+01  1 1 1   0.00   0.00   0.00  
C  4.672045000000e+00 5.883184000000e+00 3.204776500000e+01  1 1 1   0.00   0.00   0.00  
H  5.642793000000e+00 5.675027000000e+00 3.250681100000e+01  1 1 1   0.00   0.00   0.00  
C  2.157350000000e+00 5.529447000000e+00 3.188476200000e+01  1 1 1   0.00   0.00   0.00  
C  3.496143000000e+00 5.202164000000e+00 3.251610800000e+01  1 1 1   0.00   0.00   0.00  
C  1.044820000000e+00 4.717675000000e+00 3.256833600000e+01  1 1 1   0.00   0.00   0.00  
O  -9.782600000000e-02 4.725215000000e+00 3.224090000000e+01  1 1 1   0.00   0.00   0.00  
C  3.287120000000e+00 4.179513000000e+00 3.362996500000e+01  1 1 1   0.00   0.00   0.00  
N  1.732212000000e+00 3.915965000000e+00 3.371971200000e+01  1 1 1   0.00   0.00   0.00  
O  4.161421000000e+00 3.654541000000e+00 3.423983200000e+01  1 1 1   0.00   0.00   0.00  
C  1.018652000000e+00 3.146600000000e+00 3.478308200000e+01  1 1 1   0.00   0.00   0.00  
H  2.774661000000e+00 2.810735000000e+00 3.598539400000e+01  1 1 1   0.00   0.00   0.00  
H  -9.830440000000e-01 3.257061000000e+00 3.388235000000e+01  1 1 1   0.00   0.00   0.00  
C  1.702494000000e+00 2.600582000000e+00 3.592067200000e+01  1 1 1   0.00   0.00   0.00  
C  -3.896650000000e-01 2.887553000000e+00 3.472541400000e+01  1 1 1   0.00   0.00   0.00  
C  1.115370000000e+00 1.806043000000e+00 3.695882100000e+01  1 1 1   0.00   0.00   0.00  
C  -1.042365000000e+00 2.137586000000e+00 3.574289600000e+01  1 1 1   0.00   0.00   0.00  
H  -2.117626000000e+00 1.951535000000e+00 3.567017100000e+01  1 1 1   0.00   0.00   0.00  
O  3.844320000000e-01 -9.163000000000e-03 3.955152100000e+01  1 1 1   0.00   0.00   0.00  
C  -2.956270000000e-01 1.621987000000e+00 3.684317000000e+01  1 1 1   0.00   0.00   0.00  
N  1.959080000000e+00 1.160351000000e+00 3.802217500000e+01  1 1 1   0.00   0.00   0.00  
C  1.485102000000e+00 1.478420000000e-01 3.913478600000e+01  1 1 1   0.00   0.00   0.00  
O  4.242483000000e+00 1.545851000000e+00 3.715359000000e+01  1 1 1   0.00   0.00   0.00  
C  3.497226000000e+00 1.001058000000e+00 3.790821700000e+01  1 1 1   0.00   0.00   0.00  
H  -8.310600000000e-01 1.047363000000e+00 3.759964700000e+01  1 1 1   0.00   0.00   0.00  
C  2.726018000000e+00 -5.784450000000e-01 3.966132400000e+01  1 1 1   0.00   0.00   0.00  
C  3.934806000000e+00 -5.050000000000e-02 3.893236000000e+01  1 1 1   0.00   0.00   0.00  
H  2.066792000000e+00 -2.010678000000e+00 4.119240500000e+01  1 1 1   0.00   0.00   0.00  
C  2.923859000000e+00 -1.604490000000e+00 4.065273700000e+01  1 1 1   0.00   0.00   0.00  
C  5.243427000000e+00 -5.760780000000e-01 3.924377900000e+01  1 1 1   0.00   0.00   0.00  
H  6.123035000000e+00 -2.088180000000e-01 3.871787900000e+01  1 1 1   0.00   0.00   0.00  
C  4.225727000000e+00 -2.085715000000e+00 4.095013600000e+01  1 1 1   0.00   0.00   0.00  
C  5.369654000000e+00 -1.582487000000e+00 4.024306100000e+01  1 1 1   0.00   0.00   0.00  
O  4.461013000000e+00 -3.029183000000e+00 4.197672400000e+01  1 1 1   0.00   0.00   0.00  
H  6.363601000000e+00 -1.971826000000e+00 4.047701700000e+01  1 1 1   0.00   0.00   0.00  
H  6.568415000000e+00 4.069480000000e+00 9.537650000000e-01  1 1 1   0.00   0.00   0.00  
C  6.964925000000e+00 3.386990000000e+00 1.712647000000e+00  1 1 1   0.00   0.00   0.00  
C  6.373368000000e+00 2.069438000000e+00 1.914770000000e+00  1 1 1   0.00   0.00   0.00  
H  1.119273500000e+01 2.134861000000e+00 3.776171000000e+00  1 1 1   0.00   0.00   0.00  
H  8.417929000000e+00 4.829731000000e+00 2.356490000000e+00  1 1 1   0.00   0.00   0.00  
H  1.067996000000e+01 4.601869000000e+00 2.897053000000e+00  1 1 1   0.00   0.00   0.00  
C  8.023831000000e+00 3.825584000000e+00 2.521952000000e+00  1 1 1   0.00   0.00   0.00  
C  6.977295000000e+00 1.186733000000e+00 2.898102000000e+00  1 1 1   0.00   0.00   0.00  
H  6.592796000000e+00 1.713830000000e-01 3.012728000000e+00  1 1 1   0.00   0.00   0.00  
C  8.562468000000e+00 2.978691000000e+00 3.580040000000e+00  1 1 1   0.00   0.00   0.00  
C  1.073682500000e+01 2.447528000000e+00 4.741551000000e+00  1 1 1   0.00   0.00   0.00  
C  8.028869000000e+00 1.632362000000e+00 3.720217000000e+00  1 1 1   0.00   0.00   0.00  
H  1.154392500000e+01 2.874427000000e+00 5.379518000000e+00  1 1 1   0.00   0.00   0.00  
C  1.025456400000e+01 4.815679000000e+00 3.902825000000e+00  1 1 1   0.00   0.00   0.00  
H  1.037075500000e+01 1.532416000000e+00 5.256116000000e+00  1 1 1   0.00   0.00   0.00  
H  8.441348000000e+00 9.677870000000e-01 4.486704000000e+00  1 1 1   0.00   0.00   0.00  
C  9.566557000000e+00 3.494344000000e+00 4.522063000000e+00  1 1 1   0.00   0.00   0.00  
H  9.534917000000e+00 5.657349000000e+00 3.809283000000e+00  1 1 1   0.00   0.00   0.00  
H  1.106940600000e+01 5.184568000000e+00 4.556243000000e+00  1 1 1   0.00   0.00   0.00  
C  8.964626000000e+00 3.821508000000e+00 5.894300000000e+00  1 1 1   0.00   0.00   0.00  
H  6.923182000000e+00 3.127394000000e+00 5.398948000000e+00  1 1 1   0.00   0.00   0.00  
H  1.083696500000e+01 4.477990000000e+00 6.865583000000e+00  1 1 1   0.00   0.00   0.00  
C  7.553512000000e+00 3.560441000000e+00 6.181695000000e+00  1 1 1   0.00   0.00   0.00  
C  9.762890000000e+00 4.338021000000e+00 7.007744000000e+00  1 1 1   0.00   0.00   0.00  
C  6.987504000000e+00 3.840005000000e+00 7.425971000000e+00  1 1 1   0.00   0.00   0.00  
C  9.215194000000e+00 4.659705000000e+00 8.251476000000e+00  1 1 1   0.00   0.00   0.00  
H  5.932393000000e+00 3.626282000000e+00 7.600511000000e+00  1 1 1   0.00   0.00   0.00  
H  9.862139000000e+00 5.032109000000e+00 9.040453000000e+00  1 1 1   0.00   0.00   0.00  
C  7.787684000000e+00 4.483140000000e+00 8.469267000000e+00  1 1 1   0.00   0.00   0.00  
O  7.056244000000e+00 5.029757000000e+00 9.441810000000e+00  1 1 1   0.00   0.00   0.00  
H  9.548289000000e+00 6.144239000000e+00 1.044139500000e+01  1 1 1   0.00   0.00   0.00  
C  7.333131000000e+00 6.050949000000e+00 1.028431800000e+01  1 1 1   0.00   0.00   0.00  
C  8.603719000000e+00 6.539971000000e+00 1.079636400000e+01  1 1 1   0.00   0.00   0.00  
H  5.134780000000e+00 6.242242000000e+00 1.040746900000e+01  1 1 1   0.00   0.00   0.00  
C  6.094170000000e+00 6.599302000000e+00 1.078449200000e+01  1 1 1   0.00   0.00   0.00  
C  8.665097000000e+00 7.531924000000e+00 1.179554000000e+01  1 1 1   0.00   0.00   0.00  
H  9.634591000000e+00 7.863941000000e+00 1.217222200000e+01  1 1 1   0.00   0.00   0.00  
C  6.123881000000e+00 7.595280000000e+00 1.180236900000e+01  1 1 1   0.00   0.00   0.00  
C  7.451984000000e+00 8.103633000000e+00 1.232528700000e+01  1 1 1   0.00   0.00   0.00  
C  4.956408000000e+00 8.290038000000e+00 1.253173900000e+01  1 1 1   0.00   0.00   0.00  
O  3.806876000000e+00 8.036839000000e+00 1.235391100000e+01  1 1 1   0.00   0.00   0.00  
C  7.176761000000e+00 9.167266000000e+00 1.337605900000e+01  1 1 1   0.00   0.00   0.00  
N  5.602945000000e+00 9.335102000000e+00 1.348717900000e+01  1 1 1   0.00   0.00   0.00  
O  8.032212000000e+00 9.711726000000e+00 1.400023100000e+01  1 1 1   0.00   0.00   0.00  
H  2.870928000000e+00 9.225044000000e+00 1.428263200000e+01  1 1 1   0.00   0.00   0.00  
C  4.893125000000e+00 1.004153300000e+01 1.459363100000e+01  1 1 1   0.00   0.00   0.00  
C  3.500866000000e+00 9.884102000000e+00 1.488991900000e+01  1 1 1   0.00   0.00   0.00  
H  6.660021000000e+00 1.109555100000e+01 1.524749600000e+01  1 1 1   0.00   0.00   0.00  
C  5.602562000000e+00 1.093287500000e+01 1.546706400000e+01  1 1 1   0.00   0.00   0.00  
C  2.903345000000e+00 1.056296600000e+01 1.598612300000e+01  1 1 1   0.00   0.00   0.00  
H  1.838137000000e+00 1.041533600000e+01 1.618494800000e+01  1 1 1   0.00   0.00   0.00  
C  5.067693000000e+00 1.163769600000e+01 1.659757100000e+01  1 1 1   0.00   0.00   0.00  
C  3.671722000000e+00 1.142416900000e+01 1.682608300000e+01  1 1 1   0.00   0.00   0.00  
O  8.229849000000e+00 1.209943800000e+01 1.650925200000e+01  1 1 1   0.00   0.00   0.00  
N  5.949918000000e+00 1.250014800000e+01 1.744113000000e+01  1 1 1   0.00   0.00   0.00  
H  3.176513000000e+00 1.191742100000e+01 1.766480600000e+01  1 1 1   0.00   0.00   0.00  
C  7.504050000000e+00 1.264631800000e+01 1.727540700000e+01  1 1 1   0.00   0.00   0.00  
O  4.440997000000e+00 1.362252800000e+01 1.906834900000e+01  1 1 1   0.00   0.00   0.00  
C  5.523775000000e+00 1.346499100000e+01 1.860267300000e+01  1 1 1   0.00   0.00   0.00  
C  7.981155000000e+00 1.364988100000e+01 1.832783200000e+01  1 1 1   0.00   0.00   0.00  
C  6.787697000000e+00 1.418065300000e+01 1.908556700000e+01  1 1 1   0.00   0.00   0.00  
H  1.017579200000e+01 1.373568100000e+01 1.814434600000e+01  1 1 1   0.00   0.00   0.00  
C  9.299865000000e+00 1.412201900000e+01 1.866543000000e+01  1 1 1   0.00   0.00   0.00  
C  6.991209000000e+00 1.521419400000e+01 2.006737300000e+01  1 1 1   0.00   0.00   0.00  
H  6.127880000000e+00 1.565278600000e+01 2.057272000000e+01  1 1 1   0.00   0.00   0.00  
C  9.441653000000e+00 1.509322800000e+01 1.969727400000e+01  1 1 1   0.00   0.00   0.00  
C  8.307717000000e+00 1.562870800000e+01 2.039815700000e+01  1 1 1   0.00   0.00   0.00  
H  1.044829400000e+01 1.543017200000e+01 1.995668300000e+01  1 1 1   0.00   0.00   0.00  
H  9.340952000000e+00 1.776653600000e+01 2.368271900000e+01  1 1 1   0.00   0.00   0.00  
O  8.527506000000e+00 1.649032800000e+01 2.148518100000e+01  1 1 1   0.00   0.00   0.00  
C  9.155939000000e+00 1.669227400000e+01 2.379046500000e+01  1 1 1   0.00   0.00   0.00  
C  8.818015000000e+00 1.589398400000e+01 2.261757500000e+01  1 1 1   0.00   0.00   0.00  
H  9.447310000000e+00 1.673755100000e+01 2.591447500000e+01  1 1 1   0.00   0.00   0.00  
H  9.256154000000e+00 1.178347000000e+01 2.612075400000e+01  1 1 1   0.00   0.00   0.00  
H  1.094218300000e+01 1.527987400000e+01 2.695945200000e+01  1 1 1   0.00   0.00   0.00  
C  9.221386000000e+00 1.609637200000e+01 2.505855300000e+01  1 1 1   0.00   0.00   0.00  
C  8.672258000000e+00 1.445357700000e+01 2.279363200000e+01  1 1 1   0.00   0.00   0.00  
H  8.480040000000e+00 1.382841700000e+01 2.192200900000e+01  1 1 1   0.00   0.00   0.00  
C  9.930057000000e+00 1.261682300000e+01 2.641925200000e+01  1 1 1   0.00   0.00   0.00  
C  9.015661000000e+00 1.466605500000e+01 2.524904000000e+01  1 1 1   0.00   0.00   0.00  
C  1.005146400000e+01 1.491506800000e+01 2.752099200000e+01  1 1 1   0.00   0.00   0.00  
H  1.073115800000e+01 1.269162800000e+01 2.565130600000e+01  1 1 1   0.00   0.00   0.00  
C  8.764447000000e+00 1.385965600000e+01 2.406156100000e+01  1 1 1   0.00   0.00   0.00  
H  9.492299000000e+00 1.578844600000e+01 2.792026800000e+01  1 1 1   0.00   0.00   0.00  
H  1.040825400000e+01 1.232242200000e+01 2.737891700000e+01  1 1 1   0.00   0.00   0.00  
H  1.044815500000e+01 1.434390500000e+01 2.838869800000e+01  1 1 1   0.00   0.00   0.00  
C  9.125621000000e+00 1.400654200000e+01 2.657946700000e+01  1 1 1   0.00   0.00   0.00  
H  8.651174000000e+00 1.277554400000e+01 2.415062200000e+01  1 1 1   0.00   0.00   0.00  
C  7.824960000000e+00 1.366976700000e+01 2.723265800000e+01  1 1 1   0.00   0.00   0.00  
H  6.736106000000e+00 1.332203700000e+01 2.534927400000e+01  1 1 1   0.00   0.00   0.00  
H  8.481532000000e+00 1.385121700000e+01 2.933237800000e+01  1 1 1   0.00   0.00   0.00  
C  6.667953000000e+00 1.329118500000e+01 2.643845700000e+01  1 1 1   0.00   0.00   0.00  
C  7.651262000000e+00 1.359538800000e+01 2.867423700000e+01  1 1 1   0.00   0.00   0.00  
C  5.465636000000e+00 1.285026700000e+01 2.703253700000e+01  1 1 1   0.00   0.00   0.00  
C  6.439267000000e+00 1.318522900000e+01 2.926779100000e+01  1 1 1   0.00   0.00   0.00  
H  4.643698000000e+00 1.254548400000e+01 2.638347500000e+01  1 1 1   0.00   0.00   0.00  
H  6.368512000000e+00 1.316996600000e+01 3.035864700000e+01  1 1 1   0.00   0.00   0.00  
C  5.310048000000e+00 1.274926700000e+01 2.847048300000e+01  1 1 1   0.00   0.00   0.00  
O  4.155071000000e+00 1.227717500000e+01 2.899158200000e+01  1 1 1   0.00   0.00   0.00  
H  6.341001000000e+00 1.101384400000e+01 3.001060400000e+01  1 1 1   0.00   0.00   0.00  
C  4.175340000000e+00 1.147193200000e+01 3.006682700000e+01  1 1 1   0.00   0.00   0.00  
C  5.400557000000e+00 1.082880900000e+01 3.052721500000e+01  1 1 1   0.00   0.00   0.00  
H  1.997836000000e+00 1.155349000000e+01 3.033712700000e+01  1 1 1   0.00   0.00   0.00  
C  2.933674000000e+00 1.112330300000e+01 3.070446800000e+01  1 1 1   0.00   0.00   0.00  
C  5.429581000000e+00 9.952302000000e+00 3.162390500000e+01  1 1 1   0.00   0.00   0.00  
H  6.376494000000e+00 9.512624000000e+00 3.194500000000e+01  1 1 1   0.00   0.00   0.00  
C  2.906056000000e+00 1.017690000000e+01 3.177219400000e+01  1 1 1   0.00   0.00   0.00  
C  4.202911000000e+00 9.615007000000e+00 3.230667300000e+01  1 1 1   0.00   0.00   0.00  
C  1.762101000000e+00 9.496699000000e+00 3.254289400000e+01  1 1 1   0.00   0.00   0.00  
O  6.129330000000e-01 9.617107000000e+00 3.226624600000e+01  1 1 1   0.00   0.00   0.00  
C  3.936606000000e+00 8.698132000000e+00 3.350228100000e+01  1 1 1   0.00   0.00   0.00  
N  2.384068000000e+00 8.548094000000e+00 3.362030700000e+01  1 1 1   0.00   0.00   0.00  
O  4.785716000000e+00 8.269902000000e+00 3.421892200000e+01  1 1 1   0.00   0.00   0.00  
C  1.637867000000e+00 7.754538000000e+00 3.465334400000e+01  1 1 1   0.00   0.00   0.00  
H  3.352385000000e+00 6.719645000000e+00 3.542710600000e+01  1 1 1   0.00   0.00   0.00  
H  -3.600600000000e-01 8.498529000000e+00 3.415894700000e+01  1 1 1   0.00   0.00   0.00  
C  2.280586000000e+00 6.876560000000e+00 3.558229400000e+01  1 1 1   0.00   0.00   0.00  
C  2.244700000000e-01 7.871698000000e+00 3.483902400000e+01  1 1 1   0.00   0.00   0.00  
C  1.674579000000e+00 6.198418000000e+00 3.669665300000e+01  1 1 1   0.00   0.00   0.00  
C  -4.531960000000e-01 7.221809000000e+00 3.590826500000e+01  1 1 1   0.00   0.00   0.00  
H  -1.533166000000e+00 7.358057000000e+00 3.602801700000e+01  1 1 1   0.00   0.00   0.00  
O  9.461480000000e-01 4.329943000000e+00 3.930549700000e+01  1 1 1   0.00   0.00   0.00  
C  2.649790000000e-01 6.406828000000e+00 3.683162800000e+01  1 1 1   0.00   0.00   0.00  
N  2.494339000000e+00 5.371174000000e+00 3.763155900000e+01  1 1 1   0.00   0.00   0.00  
C  2.038818000000e+00 4.486570000000e+00 3.887478500000e+01  1 1 1   0.00   0.00   0.00  
O  4.781163000000e+00 5.739891000000e+00 3.674146300000e+01  1 1 1   0.00   0.00   0.00  
C  4.025773000000e+00 5.194439000000e+00 3.748899700000e+01  1 1 1   0.00   0.00   0.00  
H  -2.845250000000e-01 5.938531000000e+00 3.765216100000e+01  1 1 1   0.00   0.00   0.00  
C  3.304283000000e+00 3.816387000000e+00 3.942776400000e+01  1 1 1   0.00   0.00   0.00  
C  4.482660000000e+00 4.214687000000e+00 3.856581400000e+01  1 1 1   0.00   0.00   0.00  
H  2.743610000000e+00 2.654992000000e+00 4.119954400000e+01  1 1 1   0.00   0.00   0.00  
C  3.556194000000e+00 2.939390000000e+00 4.052534300000e+01  1 1 1   0.00   0.00   0.00  
C  5.800004000000e+00 3.655318000000e+00 3.878050400000e+01  1 1 1   0.00   0.00   0.00  
H  6.632914000000e+00 3.922228000000e+00 3.812515800000e+01  1 1 1   0.00   0.00   0.00  
C  4.884800000000e+00 2.446944000000e+00 4.075490500000e+01  1 1 1   0.00   0.00   0.00  
C  5.977267000000e+00 2.742129000000e+00 3.983256600000e+01  1 1 1   0.00   0.00   0.00  
O  5.172517000000e+00 1.772479000000e+00 4.189247100000e+01  1 1 1   0.00   0.00   0.00  
H  6.964890000000e+00 2.294707000000e+00 3.998048500000e+01  1 1 1   0.00   0.00   0.00  
"  
